0.0 95
1.0 92
2.0 92
3.0 130
4.0 123
5.0 121
6.0 141
7.0 126
8.0 113
9.0 131
10.0 125
11.0 139
12.0 170
13.0 173
14.0 158
15.0 150
16.0 194
17.0 174
18.0 180
19.0 206
20.0 197
21.0 214
22.0 244
23.0 212
24.0 207
25.0 243
26.0 238
27.0 218
28.0 200
29.0 210
30.0 229
31.0 202
32.0 205
33.0 176
34.0 202
35.0 176
36.0 192
37.0 193
38.0 174
39.0 150
40.0 174
41.0 181
42.0 188
43.0 160
44.0 181
45.0 164
46.0 156
47.0 173
48.0 168
49.0 171
50.0 160
51.0 158
52.0 165
53.0 162
54.0 169
55.0 159
56.0 153
57.0 144
58.0 168
59.0 145
60.0 160
61.0 147
62.0 158
63.0 172
64.0 132
65.0 117
66.0 145
67.0 123
68.0 150
69.0 164
70.0 129
71.0 153
72.0 159
73.0 172
74.0 174
75.0 171
76.0 188
77.0 204
78.0 200
79.0 198
80.0 204
81.0 206
82.0 218
83.0 223
84.0 232
85.0 259
86.0 240
87.0 244
88.0 262
89.0 256
90.0 297
91.0 273
92.0 289
93.0 281
94.0 283
95.0 306
96.0 321
97.0 331
98.0 318
99.0 319
100.0 341
101.0 337
102.0 361
103.0 348
104.0 325
105.0 355
106.0 342
107.0 323
108.0 360
109.0 354
110.0 347
111.0 350
112.0 331
113.0 329
114.0 354
115.0 340
116.0 308
117.0 330
118.0 310
119.0 316
120.0 328
121.0 347
122.0 309
123.0 319
124.0 297
125.0 301
126.0 292
127.0 279
128.0 281
129.0 314
130.0 265
131.0 273
132.0 274
133.0 273
134.0 285
135.0 257
136.0 249
137.0 283
138.0 250
139.0 264
140.0 217
141.0 237
142.0 211
143.0 258
144.0 199
145.0 236
146.0 250
147.0 197
148.0 238
149.0 227
150.0 220
151.0 250
152.0 221
153.0 202
154.0 199
155.0 214
156.0 199
157.0 192
158.0 200
159.0 167
160.0 186
161.0 152
162.0 206
163.0 152
164.0 178
165.0 184
166.0 172
167.0 163
168.0 163
169.0 159
170.0 134
171.0 158
172.0 138
173.0 162
174.0 172
175.0 137
176.0 144
177.0 127
178.0 119
179.0 158
180.0 135
181.0 127
182.0 130
183.0 130
184.0 140
185.0 110
186.0 109
187.0 121
188.0 112
189.0 105
190.0 84
191.0 108
192.0 97
193.0 104
194.0 96
195.0 97
196.0 117
197.0 90
198.0 91
199.0 108
200.0 99
201.0 87
202.0 101
203.0 83
204.0 82
205.0 88
206.0 99
207.0 73
208.0 76
209.0 95
210.0 87
211.0 90
212.0 91
213.0 80
214.0 79
215.0 92
216.0 84
217.0 67
218.0 75
219.0 70
220.0 85
221.0 60
222.0 70
223.0 45
224.0 89
225.0 67
226.0 76
227.0 68
228.0 69
229.0 63
230.0 60
231.0 50
232.0 51
233.0 55
234.0 72
235.0 56
236.0 56
237.0 47
238.0 59
239.0 50
240.0 68
241.0 45
242.0 54
243.0 53
244.0 47
245.0 50
246.0 47
247.0 44
248.0 58
249.0 49
250.0 55
251.0 47
252.0 48
253.0 52
254.0 59
255.0 60
256.0 40
257.0 39
258.0 51
259.0 47
260.0 54
261.0 55
262.0 47
263.0 37
264.0 35
265.0 33
266.0 42
267.0 51
268.0 52
269.0 46
270.0 43
271.0 37
272.0 47
273.0 38
274.0 37
275.0 34
276.0 33
277.0 38
278.0 34
279.0 46
280.0 33
281.0 32
282.0 37
283.0 36
284.0 31
285.0 35
286.0 40
287.0 39
288.0 37
289.0 37
290.0 36
291.0 30
292.0 30
293.0 38
294.0 27
295.0 39
296.0 33
297.0 35
298.0 32
299.0 41
300.0 37
301.0 35
302.0 20
303.0 34
304.0 30
305.0 30
306.0 42
307.0 24
308.0 42
309.0 21
310.0 26
311.0 39
312.0 29
313.0 31
314.0 25
315.0 32
316.0 26
317.0 30
318.0 33
319.0 27
320.0 28
321.0 35
322.0 11
323.0 23
324.0 35
325.0 24
326.0 27
327.0 30
328.0 37
329.0 22
330.0 29
331.0 32
332.0 16
333.0 31
334.0 28
335.0 28
336.0 18
337.0 15
338.0 21
339.0 28
340.0 21
341.0 19
342.0 21
343.0 23
344.0 25
345.0 24
346.0 22
347.0 21
348.0 18
349.0 19
350.0 38
351.0 22
352.0 19
353.0 22
354.0 33
355.0 31
356.0 27
357.0 23
358.0 21
359.0 22
360.0 20
361.0 23
362.0 17
363.0 28
364.0 20
365.0 17
366.0 27
367.0 13
368.0 26
369.0 20
370.0 18
371.0 18
372.0 19
373.0 13
374.0 22
375.0 19
376.0 29
377.0 19
378.0 20
379.0 19
380.0 17
381.0 13
382.0 20
383.0 20
384.0 18
385.0 15
386.0 22
387.0 19
388.0 21
389.0 18
390.0 23
391.0 22
392.0 24
393.0 15
394.0 24
395.0 12
396.0 20
397.0 18
398.0 16
399.0 12
400.0 12
401.0 9
402.0 18
403.0 16
404.0 13
405.0 20
406.0 14
407.0 15
408.0 13
409.0 16
410.0 13
411.0 14
412.0 14
413.0 19
414.0 12
415.0 15
416.0 12
417.0 16
418.0 20
419.0 13
420.0 18
421.0 15
422.0 9
423.0 10
424.0 9
425.0 14
426.0 16
427.0 12
428.0 10
429.0 12
430.0 11
431.0 17
432.0 13
433.0 5
434.0 12
435.0 23
436.0 9
437.0 11
438.0 16
439.0 19
440.0 7
441.0 10
442.0 18
443.0 13
444.0 15
445.0 13
446.0 11
447.0 10
448.0 10
449.0 12
450.0 10
451.0 12
452.0 11
453.0 11
454.0 8
455.0 10
456.0 10
457.0 11
458.0 6
459.0 19
460.0 11
461.0 9
462.0 15
463.0 13
464.0 10
465.0 12
466.0 8
467.0 16
468.0 11
469.0 6
470.0 13
471.0 8
472.0 10
473.0 9
474.0 12
475.0 7
476.0 11
477.0 15
478.0 10
479.0 12
480.0 16
481.0 6
482.0 11
483.0 11
484.0 14
485.0 6
486.0 10
487.0 10
488.0 8
489.0 11
490.0 9
491.0 4
492.0 4
493.0 9
494.0 5
495.0 13
496.0 2
497.0 9
498.0 8
499.0 6
500.0 8
501.0 7
502.0 5
503.0 8
504.0 9
505.0 8
506.0 11
507.0 9
508.0 7
509.0 12
510.0 5
511.0 7
512.0 6
513.0 9
514.0 12
515.0 12
516.0 9
517.0 5
518.0 6
519.0 6
520.0 8
521.0 3
522.0 7
523.0 9
524.0 16
525.0 10
526.0 12
527.0 7
528.0 6
529.0 8
530.0 8
531.0 8
532.0 5
533.0 7
534.0 3
535.0 8
536.0 6
537.0 5
538.0 1
539.0 10
540.0 6
541.0 1
542.0 11
543.0 4
544.0 2
545.0 4
546.0 3
547.0 8
548.0 6
549.0 9
550.0 2
551.0 5
552.0 4
553.0 6
554.0 3
555.0 5
556.0 4
557.0 6
558.0 6
559.0 9
560.0 2
561.0 6
562.0 2
563.0 10
564.0 8
565.0 5
566.0 3
567.0 7
568.0 7
569.0 2
570.0 3
571.0 7
572.0 8
573.0 4
574.0 10
575.0 6
576.0 3
577.0 3
578.0 5
579.0 3
580.0 4
581.0 7
582.0 7
583.0 6
584.0 4
585.0 4
586.0 1
587.0 3
588.0 7
589.0 6
590.0 3
591.0 5
592.0 3
593.0 7
594.0 3
595.0 4
596.0 3
597.0 1
598.0 3
599.0 8
600.0 3
601.0 4
602.0 4
603.0 2
604.0 5
605.0 1
606.0 5
607.0 6
608.0 4
609.0 3
610.0 4
611.0 4
612.0 4
613.0 5
614.0 4
615.0 8
616.0 2
617.0 5
618.0 5
619.0 3
620.0 5
621.0 5
622.0 5
623.0 11
624.0 1
625.0 4
626.0 2
627.0 5
628.0 2
629.0 4
630.0 1
631.0 2
632.0 4
633.0 2
634.0 5
635.0 0
636.0 5
637.0 3
638.0 3
639.0 3
640.0 4
641.0 2
642.0 4
643.0 4
644.0 2
645.0 3
646.0 7
647.0 4
648.0 2
649.0 1
650.0 2
651.0 5
652.0 3
653.0 4
654.0 3
655.0 2
656.0 3
657.0 5
658.0 3
659.0 5
660.0 3
661.0 4
662.0 3
663.0 1
664.0 3
665.0 3
666.0 5
667.0 6
668.0 6
669.0 5
670.0 2
671.0 0
672.0 6
673.0 2
674.0 1
675.0 4
676.0 3
677.0 3
678.0 3
679.0 3
680.0 7
681.0 3
682.0 3
683.0 7
684.0 6
685.0 5
686.0 2
687.0 4
688.0 4
689.0 1
690.0 1
691.0 4
692.0 0
693.0 3
694.0 0
695.0 7
696.0 0
697.0 0
698.0 2
699.0 3
700.0 1
701.0 2
702.0 2
703.0 0
704.0 4
705.0 4
706.0 2
707.0 0
708.0 2
709.0 3
710.0 4
711.0 2
712.0 3
713.0 2
714.0 4
715.0 1
716.0 2
717.0 2
718.0 0
719.0 5
720.0 0
721.0 4
722.0 3
723.0 1
724.0 1
725.0 2
726.0 3
727.0 0
728.0 2
729.0 3
730.0 0
731.0 2
732.0 1
733.0 1
734.0 5
735.0 1
736.0 5
737.0 2
738.0 3
739.0 1
740.0 2
741.0 5
742.0 1
743.0 0
744.0 3
745.0 2
746.0 1
747.0 1
748.0 2
749.0 1
750.0 1
751.0 2
752.0 1
753.0 2
754.0 3
755.0 4
756.0 3
757.0 4
758.0 0
759.0 1
760.0 3
761.0 3
762.0 3
763.0 0
764.0 2
765.0 2
766.0 1
767.0 2
768.0 2
769.0 1
770.0 0
771.0 1
772.0 1
773.0 1
774.0 0
775.0 0
776.0 1
777.0 2
778.0 1
779.0 2
780.0 4
781.0 3
782.0 3
783.0 2
784.0 3
785.0 3
786.0 3
787.0 3
788.0 0
789.0 2
790.0 3
791.0 4
792.0 0
793.0 1
794.0 1
795.0 1
796.0 3
797.0 0
798.0 2
799.0 1
800.0 1
801.0 3
802.0 1
803.0 2
804.0 0
805.0 1
806.0 0
807.0 1
808.0 0
809.0 0
810.0 1
811.0 2
812.0 2
813.0 1
814.0 0
815.0 1
816.0 2
817.0 5
818.0 1
819.0 2
820.0 1
821.0 2
822.0 2
823.0 1
824.0 0
825.0 3
826.0 0
827.0 2
828.0 1
829.0 1
830.0 1
831.0 0
832.0 3
833.0 4
834.0 2
835.0 2
836.0 2
837.0 0
838.0 0
839.0 2
840.0 1
841.0 2
842.0 3
843.0 0
844.0 1
845.0 2
846.0 3
847.0 0
848.0 0
849.0 0
850.0 0
851.0 0
852.0 0
853.0 0
854.0 0
855.0 0
856.0 1
857.0 0
858.0 2
859.0 2
860.0 1
861.0 1
862.0 0
863.0 2
864.0 1
865.0 0
866.0 2
867.0 0
868.0 1
869.0 1
870.0 2
871.0 1
872.0 0
873.0 1
874.0 0
875.0 3
876.0 0
877.0 2
878.0 2
879.0 2
880.0 1
881.0 0
882.0 1
883.0 2
884.0 1
885.0 0
886.0 0
887.0 0
888.0 0
889.0 3
890.0 0
891.0 1
892.0 2
893.0 0
894.0 1
895.0 1
896.0 0
897.0 0
898.0 2
899.0 0
900.0 2
901.0 4
902.0 1
903.0 1
904.0 2
905.0 2
906.0 0
907.0 1
908.0 1
909.0 3
910.0 0
911.0 1
912.0 1
913.0 0
914.0 4
915.0 2
916.0 3
917.0 0
918.0 0
919.0 0
920.0 0
921.0 1
922.0 1
923.0 0
924.0 1
925.0 0
926.0 2
927.0 2
928.0 0
929.0 0
930.0 1
931.0 0
932.0 2
933.0 0
934.0 3
935.0 0
936.0 0
937.0 1
938.0 0
939.0 2
940.0 0
941.0 1
942.0 3
943.0 0
944.0 1
945.0 2
946.0 2
947.0 1
948.0 0
949.0 3
950.0 1
951.0 0
952.0 0
953.0 0
954.0 0
955.0 0
956.0 1
957.0 2
958.0 0
959.0 0
960.0 0
961.0 0
962.0 0
963.0 1
964.0 1
965.0 1
966.0 1
967.0 0
968.0 2
969.0 0
970.0 0
971.0 1
972.0 0
973.0 1
974.0 0
975.0 0
976.0 1
977.0 0
978.0 1
979.0 0
980.0 2
981.0 0
982.0 0
983.0 2
984.0 1
985.0 1
986.0 2
987.0 0
988.0 0
989.0 1
990.0 0
991.0 0
992.0 0
993.0 1
994.0 1
995.0 1
996.0 0
997.0 0
998.0 0
999.0 0
1000.0 0
1001.0 1
1002.0 0
1003.0 1
1004.0 2
1005.0 1
1006.0 0
1007.0 0
1008.0 0
1009.0 0
1010.0 1
1011.0 1
1012.0 3
1013.0 2
1014.0 1
1015.0 0
1016.0 0
1017.0 0
1018.0 0
1019.0 2
1020.0 0
1021.0 0
1022.0 0
1023.0 1
1024.0 0
1025.0 1
1026.0 0
1027.0 0
1028.0 1
1029.0 0
1030.0 0
1031.0 0
1032.0 0
1033.0 0
1034.0 1
1035.0 0
1036.0 0
1037.0 0
1038.0 0
1039.0 3
1040.0 0
1041.0 0
1042.0 0
1043.0 3
1044.0 1
1045.0 1
1046.0 0
1047.0 0
1048.0 0
1049.0 0
1050.0 0
1051.0 0
1052.0 0
1053.0 1
1054.0 0
1055.0 0
1056.0 0
1057.0 0
1058.0 0
1059.0 0
1060.0 0
1061.0 0
1062.0 0
1063.0 1
1064.0 0
1065.0 0
1066.0 0
1067.0 0
1068.0 0
1069.0 0
1070.0 0
1071.0 0
1072.0 0
1073.0 0
1074.0 2
1075.0 1
1076.0 1
1077.0 0
1078.0 1
1079.0 0
1080.0 0
1081.0 0
1082.0 0
1083.0 1
1084.0 0
1085.0 0
1086.0 0
1087.0 1
1088.0 0
1089.0 0
1090.0 0
1091.0 0
1092.0 0
1093.0 1
1094.0 1
1095.0 2
1096.0 1
1097.0 0
1098.0 0
1099.0 0
1100.0 1
1101.0 0
1102.0 1
1103.0 1
1104.0 0
1105.0 0
1106.0 0
1107.0 0
1108.0 0
1109.0 0
1110.0 2
1111.0 0
1112.0 0
1113.0 1
1114.0 0
1115.0 1
1116.0 1
1117.0 0
1118.0 0
1119.0 0
1120.0 0
1121.0 0
1122.0 0
1123.0 0
1124.0 1
1125.0 0
1126.0 1
1127.0 1
1128.0 1
1129.0 0
1130.0 0
1131.0 0
1132.0 0
1133.0 0
1134.0 0
1135.0 2
1136.0 0
1137.0 0
1138.0 0
1139.0 1
1140.0 1
1141.0 0
1142.0 0
1143.0 0
1144.0 1
1145.0 0
1146.0 0
1147.0 0
1148.0 0
1149.0 1
1150.0 0
1151.0 0
1152.0 0
1153.0 1
1154.0 0
1155.0 0
1156.0 1
1157.0 0
1158.0 0
1159.0 0
1160.0 0
1161.0 1
1162.0 0
1163.0 1
1164.0 0
1165.0 0
1166.0 1
1167.0 0
1168.0 1
1169.0 0
1170.0 0
1171.0 0
1172.0 1
1173.0 0
1174.0 1
1175.0 0
1176.0 0
1177.0 1
1178.0 0
1179.0 0
1180.0 0
1181.0 0
1182.0 0
1183.0 0
1184.0 0
1185.0 0
1186.0 1
1187.0 0
1188.0 0
1189.0 0
1190.0 0
1191.0 0
1192.0 0
1193.0 1
1194.0 1
1195.0 0
1196.0 0
1197.0 0
1198.0 0
1199.0 0
1200.0 0
1201.0 0
1202.0 0
1203.0 0
1204.0 0
1205.0 0
1206.0 0
1207.0 0
1208.0 0
1209.0 0
1210.0 0
1211.0 0
1212.0 0
1213.0 0
1214.0 0
1215.0 0
1216.0 0
1217.0 0
1218.0 0
1219.0 0
1220.0 0
1221.0 0
1222.0 0
1223.0 0
1224.0 0
1225.0 0
1226.0 1
1227.0 0
1228.0 0
1229.0 1
1230.0 0
1231.0 0
1232.0 1
1233.0 0
1234.0 0
1235.0 1
1236.0 0
1237.0 0
1238.0 0
1239.0 0
1240.0 1
1241.0 0
1242.0 0
1243.0 0
1244.0 0
1245.0 0
1246.0 0
1247.0 1
1248.0 1
1249.0 0
1250.0 0
1251.0 0
1252.0 0
1253.0 0
1254.0 0
1255.0 0
1256.0 0
1257.0 0
1258.0 0
1259.0 0
1260.0 1
1261.0 0
1262.0 0
1263.0 0
1264.0 0
1265.0 0
1266.0 0
1267.0 0
1268.0 0
1269.0 0
1270.0 0
1271.0 0
1272.0 0
1273.0 0
1274.0 0
1275.0 0
1276.0 0
1277.0 0
1278.0 1
1279.0 1
1280.0 0
1281.0 0
1282.0 0
1283.0 0
1284.0 0
1285.0 0
1286.0 0
1287.0 0
1288.0 0
1289.0 0
1290.0 0
1291.0 0
1292.0 0
1293.0 0
1294.0 0
1295.0 1
1296.0 0
1297.0 0
1298.0 0
1299.0 0
1300.0 0
1301.0 0
1302.0 0
1303.0 0
1304.0 0
1305.0 1
1306.0 0
1307.0 0
1308.0 0
1309.0 1
1310.0 0
1311.0 0
1312.0 0
1313.0 0
1314.0 1
1315.0 1
1316.0 1
1317.0 0
1318.0 0
1319.0 0
1320.0 0
1321.0 0
1322.0 0
1323.0 0
1324.0 0
1325.0 0
1326.0 0
1327.0 0
1328.0 0
1329.0 1
1330.0 0
1331.0 0
1332.0 0
1333.0 0
1334.0 0
1335.0 0
1336.0 0
1337.0 0
1338.0 0
1339.0 0
1340.0 0
1341.0 0
1342.0 1
1343.0 0
1344.0 1
1345.0 0
1346.0 1
1347.0 0
1348.0 0
1349.0 0
1350.0 0
1351.0 0
1352.0 0
1353.0 0
1354.0 0
1355.0 0
1356.0 0
1357.0 0
1358.0 0
1359.0 0
1360.0 1
1361.0 0
1362.0 0
1363.0 0
1364.0 0
1365.0 0
1366.0 0
1367.0 0
1368.0 0
1369.0 0
1370.0 0
1371.0 0
1372.0 0
1373.0 0
1374.0 0
1375.0 0
1376.0 0
1377.0 0
1378.0 0
1379.0 0
1380.0 0
1381.0 0
1382.0 0
1383.0 0
1384.0 0
1385.0 1
1386.0 0
1387.0 0
1388.0 0
1389.0 1
1390.0 0
1391.0 0
1392.0 0
1393.0 1
1394.0 0
1395.0 0
1396.0 0
1397.0 0
1398.0 0
1399.0 0
1400.0 0
1401.0 0
1402.0 0
1403.0 1
1404.0 0
1405.0 1
1406.0 0
1407.0 0
1408.0 0
1409.0 0
1410.0 0
1411.0 0
1412.0 0
1413.0 0
1414.0 0
1415.0 0
1416.0 0
1417.0 0
1418.0 0
1419.0 0
1420.0 0
1421.0 0
1422.0 0
1423.0 0
1424.0 0
1425.0 0
1426.0 0
1427.0 0
1428.0 0
1429.0 0
1430.0 0
1431.0 0
1432.0 0
1433.0 0
1434.0 0
1435.0 0
1436.0 0
1437.0 0
1438.0 0
1439.0 0
1440.0 0
1441.0 0
1442.0 0
1443.0 0
1444.0 1
1445.0 0
1446.0 0
1447.0 0
1448.0 0
1449.0 0
1450.0 0
1451.0 0
1452.0 0
1453.0 0
1454.0 0
1455.0 0
1456.0 0
1457.0 0
1458.0 0
1459.0 0
1460.0 0
1461.0 0
1462.0 1
1463.0 0
1464.0 0
1465.0 0
1466.0 0
1467.0 0
1468.0 0
1469.0 0
1470.0 1
1471.0 0
1472.0 0
1473.0 0
1474.0 0
1475.0 0
1476.0 0
1477.0 0
1478.0 0
1479.0 0
1480.0 0
1481.0 0
1482.0 0
1483.0 0
1484.0 0
1485.0 0
1486.0 0
1487.0 0
1488.0 0
1489.0 0
1490.0 0
1491.0 0
1492.0 0
1493.0 0
1494.0 1
1495.0 0
1496.0 0
1497.0 0
1498.0 0
1499.0 1
1500.0 0
1501.0 0
1502.0 0
1503.0 0
1504.0 0
1505.0 0
1506.0 0
1507.0 0
1508.0 1
1509.0 0
1510.0 0
1511.0 0
1512.0 1
1513.0 0
1514.0 0
1515.0 0
1516.0 1
1517.0 0
1518.0 0
1519.0 0
1520.0 0
1521.0 0
1522.0 1
1523.0 0
1524.0 0
1525.0 0
1526.0 0
1527.0 0
1528.0 0
1529.0 0
1530.0 1
1531.0 0
1532.0 0
1533.0 0
1534.0 0
1535.0 0
1536.0 0
1537.0 0
1538.0 0
1539.0 1
1540.0 0
1541.0 0
1542.0 0
1543.0 0
1544.0 0
1545.0 0
1546.0 0
1547.0 0
1548.0 0
1549.0 0
1550.0 0
1551.0 0
1552.0 0
1553.0 0
1554.0 0
1555.0 0
1556.0 0
1557.0 0
1558.0 0
1559.0 0
1560.0 0
1561.0 0
1562.0 0
1563.0 0
1564.0 0
1565.0 0
1566.0 0
1567.0 0
1568.0 0
1569.0 0
1570.0 0
1571.0 0
1572.0 0
1573.0 0
1574.0 0
1575.0 0
1576.0 0
1577.0 0
1578.0 0
1579.0 0
1580.0 0
1581.0 0
1582.0 0
1583.0 0
1584.0 0
1585.0 0
1586.0 0
1587.0 0
1588.0 0
1589.0 0
1590.0 0
1591.0 0
1592.0 0
1593.0 0
1594.0 0
1595.0 0
1596.0 0
1597.0 1
1598.0 0
1599.0 0
1600.0 0
1601.0 0
1602.0 0
1603.0 0
1604.0 0
1605.0 1
1606.0 0
1607.0 0
1608.0 0
1609.0 0
1610.0 0
1611.0 0
1612.0 0
1613.0 0
1614.0 0
1615.0 0
1616.0 0
1617.0 0
1618.0 0
1619.0 0
1620.0 0
1621.0 0
1622.0 0
1623.0 0
1624.0 0
1625.0 0
1626.0 0
1627.0 0
1628.0 0
1629.0 0
1630.0 0
1631.0 0
1632.0 0
1633.0 0
1634.0 0
1635.0 0
1636.0 0
1637.0 0
1638.0 0
1639.0 0
1640.0 0
1641.0 0
1642.0 0
1643.0 0
1644.0 0
1645.0 0
1646.0 0
1647.0 0
1648.0 0
1649.0 0
1650.0 0
1651.0 0
1652.0 0
1653.0 0
1654.0 0
1655.0 0
1656.0 0
1657.0 0
1658.0 0
1659.0 0
1660.0 0
1661.0 0
1662.0 0
1663.0 0
1664.0 1
1665.0 0
1666.0 0
1667.0 0
1668.0 1
1669.0 0
1670.0 0
1671.0 0
1672.0 0
1673.0 0
1674.0 0
1675.0 0
1676.0 0
1677.0 0
1678.0 0
1679.0 0
1680.0 0
1681.0 0
1682.0 0
1683.0 0
1684.0 0
1685.0 0
1686.0 0
1687.0 0
1688.0 0
1689.0 0
1690.0 0
1691.0 0
1692.0 0
1693.0 0
1694.0 0
1695.0 0
1696.0 0
1697.0 0
1698.0 0
1699.0 0
1700.0 0
1701.0 0
1702.0 0
1703.0 0
1704.0 0
1705.0 0
1706.0 0
1707.0 0
1708.0 0
1709.0 0
1710.0 0
1711.0 0
1712.0 0
1713.0 0
1714.0 0
1715.0 0
1716.0 0
1717.0 0
1718.0 0
1719.0 0
1720.0 0
1721.0 0
1722.0 0
1723.0 0
1724.0 0
1725.0 0
1726.0 0
1727.0 0
1728.0 0
1729.0 0
1730.0 1
1731.0 0
1732.0 0
1733.0 0
1734.0 0
1735.0 0
1736.0 0
1737.0 0
1738.0 0
1739.0 0
1740.0 0
1741.0 0
1742.0 0
1743.0 0
1744.0 0
1745.0 0
1746.0 0
1747.0 0
1748.0 0
1749.0 0
1750.0 0
1751.0 0
1752.0 0
1753.0 0
1754.0 0
1755.0 0
1756.0 0
1757.0 0
1758.0 0
1759.0 0
1760.0 0
1761.0 0
1762.0 0
1763.0 0
1764.0 0
1765.0 0
1766.0 0
1767.0 0
1768.0 0
1769.0 0
1770.0 0
1771.0 0
1772.0 0
1773.0 0
1774.0 0
1775.0 0
1776.0 0
1777.0 0
1778.0 0
1779.0 0
1780.0 0
1781.0 0
1782.0 0
1783.0 0
1784.0 0
1785.0 0
1786.0 0
1787.0 0
1788.0 0
1789.0 0
1790.0 0
1791.0 0
1792.0 0
1793.0 0
1794.0 0
1795.0 0
1796.0 0
1797.0 0
1798.0 0
1799.0 0
1800.0 0
1801.0 0
1802.0 0
1803.0 1
1804.0 0
1805.0 0
1806.0 0
1807.0 0
1808.0 0
1809.0 0
1810.0 0
1811.0 0
1812.0 0
1813.0 0
1814.0 0
1815.0 0
1816.0 0
1817.0 0
1818.0 0
1819.0 0
1820.0 0
1821.0 1
1822.0 0
