0.0 41
1.0 72
2.0 66
3.0 72
4.0 88
5.0 87
6.0 93
7.0 94
8.0 92
9.0 98
10.0 96
11.0 89
12.0 96
13.0 104
14.0 107
15.0 104
16.0 131
17.0 121
18.0 124
19.0 124
20.0 166
21.0 160
22.0 187
23.0 171
24.0 162
25.0 172
26.0 168
27.0 166
28.0 168
29.0 156
30.0 155
31.0 138
32.0 126
33.0 123
34.0 126
35.0 125
36.0 112
37.0 127
38.0 118
39.0 122
40.0 128
41.0 113
42.0 139
43.0 104
44.0 109
45.0 135
46.0 119
47.0 108
48.0 101
49.0 120
50.0 102
51.0 131
52.0 119
53.0 116
54.0 111
55.0 82
56.0 105
57.0 89
58.0 107
59.0 102
60.0 103
61.0 104
62.0 108
63.0 91
64.0 109
65.0 111
66.0 113
67.0 95
68.0 101
69.0 105
70.0 112
71.0 102
72.0 114
73.0 118
74.0 101
75.0 129
76.0 121
77.0 133
78.0 109
79.0 123
80.0 126
81.0 143
82.0 146
83.0 157
84.0 153
85.0 155
86.0 156
87.0 158
88.0 166
89.0 189
90.0 188
91.0 193
92.0 202
93.0 211
94.0 212
95.0 213
96.0 184
97.0 204
98.0 222
99.0 228
100.0 216
101.0 241
102.0 217
103.0 231
104.0 257
105.0 228
106.0 218
107.0 262
108.0 233
109.0 242
110.0 228
111.0 232
112.0 244
113.0 237
114.0 216
115.0 242
116.0 262
117.0 234
118.0 221
119.0 202
120.0 204
121.0 233
122.0 234
123.0 258
124.0 219
125.0 209
126.0 217
127.0 193
128.0 196
129.0 208
130.0 204
131.0 201
132.0 190
133.0 213
134.0 182
135.0 165
136.0 170
137.0 171
138.0 169
139.0 162
140.0 148
141.0 154
142.0 170
143.0 142
144.0 153
145.0 163
146.0 144
147.0 138
148.0 151
149.0 128
150.0 143
151.0 126
152.0 137
153.0 129
154.0 163
155.0 164
156.0 125
157.0 108
158.0 115
159.0 125
160.0 108
161.0 121
162.0 125
163.0 129
164.0 100
165.0 110
166.0 115
167.0 119
168.0 112
169.0 100
170.0 126
171.0 90
172.0 94
173.0 106
174.0 86
175.0 83
176.0 98
177.0 78
178.0 77
179.0 98
180.0 91
181.0 85
182.0 97
183.0 89
184.0 81
185.0 79
186.0 78
187.0 79
188.0 62
189.0 85
190.0 65
191.0 91
192.0 77
193.0 64
194.0 72
195.0 69
196.0 64
197.0 68
198.0 48
199.0 78
200.0 67
201.0 64
202.0 62
203.0 64
204.0 56
205.0 62
206.0 46
207.0 65
208.0 55
209.0 58
210.0 45
211.0 51
212.0 56
213.0 43
214.0 56
215.0 49
216.0 52
217.0 35
218.0 47
219.0 55
220.0 43
221.0 47
222.0 28
223.0 41
224.0 51
225.0 42
226.0 42
227.0 53
228.0 54
229.0 43
230.0 40
231.0 40
232.0 39
233.0 43
234.0 28
235.0 33
236.0 33
237.0 52
238.0 36
239.0 38
240.0 32
241.0 31
242.0 31
243.0 34
244.0 35
245.0 35
246.0 30
247.0 26
248.0 45
249.0 39
250.0 33
251.0 35
252.0 39
253.0 22
254.0 35
255.0 36
256.0 29
257.0 30
258.0 28
259.0 35
260.0 24
261.0 37
262.0 22
263.0 30
264.0 27
265.0 37
266.0 34
267.0 28
268.0 37
269.0 29
270.0 34
271.0 26
272.0 28
273.0 26
274.0 24
275.0 25
276.0 36
277.0 34
278.0 28
279.0 26
280.0 26
281.0 21
282.0 33
283.0 25
284.0 20
285.0 24
286.0 24
287.0 24
288.0 17
289.0 22
290.0 26
291.0 17
292.0 18
293.0 25
294.0 25
295.0 23
296.0 24
297.0 29
298.0 19
299.0 15
300.0 27
301.0 22
302.0 16
303.0 32
304.0 27
305.0 19
306.0 14
307.0 24
308.0 24
309.0 29
310.0 21
311.0 15
312.0 15
313.0 20
314.0 23
315.0 18
316.0 21
317.0 15
318.0 21
319.0 17
320.0 24
321.0 15
322.0 21
323.0 18
324.0 23
325.0 19
326.0 22
327.0 17
328.0 20
329.0 25
330.0 18
331.0 25
332.0 14
333.0 14
334.0 15
335.0 24
336.0 18
337.0 15
338.0 21
339.0 23
340.0 24
341.0 15
342.0 19
343.0 17
344.0 11
345.0 21
346.0 12
347.0 16
348.0 9
349.0 19
350.0 14
351.0 18
352.0 14
353.0 21
354.0 17
355.0 12
356.0 11
357.0 13
358.0 23
359.0 13
360.0 15
361.0 16
362.0 18
363.0 17
364.0 12
365.0 23
366.0 15
367.0 12
368.0 16
369.0 11
370.0 15
371.0 12
372.0 16
373.0 10
374.0 11
375.0 17
376.0 14
377.0 8
378.0 14
379.0 11
380.0 6
381.0 13
382.0 8
383.0 12
384.0 18
385.0 10
386.0 12
387.0 24
388.0 8
389.0 10
390.0 8
391.0 15
392.0 12
393.0 10
394.0 8
395.0 12
396.0 14
397.0 12
398.0 16
399.0 10
400.0 6
401.0 13
402.0 16
403.0 8
404.0 11
405.0 10
406.0 12
407.0 6
408.0 9
409.0 10
410.0 13
411.0 11
412.0 9
413.0 7
414.0 9
415.0 15
416.0 15
417.0 12
418.0 14
419.0 8
420.0 9
421.0 11
422.0 10
423.0 7
424.0 7
425.0 10
426.0 4
427.0 15
428.0 9
429.0 14
430.0 12
431.0 9
432.0 7
433.0 10
434.0 7
435.0 7
436.0 7
437.0 10
438.0 10
439.0 10
440.0 7
441.0 12
442.0 12
443.0 6
444.0 10
445.0 8
446.0 12
447.0 6
448.0 9
449.0 8
450.0 6
451.0 5
452.0 5
453.0 7
454.0 11
455.0 6
456.0 6
457.0 6
458.0 12
459.0 9
460.0 15
461.0 6
462.0 5
463.0 6
464.0 14
465.0 9
466.0 5
467.0 9
468.0 8
469.0 9
470.0 5
471.0 5
472.0 9
473.0 8
474.0 9
475.0 6
476.0 8
477.0 5
478.0 7
479.0 4
480.0 5
481.0 7
482.0 4
483.0 3
484.0 5
485.0 5
486.0 6
487.0 4
488.0 3
489.0 10
490.0 5
491.0 8
492.0 12
493.0 7
494.0 5
495.0 7
496.0 4
497.0 5
498.0 8
499.0 6
500.0 6
501.0 6
502.0 3
503.0 4
504.0 6
505.0 5
506.0 6
507.0 7
508.0 6
509.0 8
510.0 9
511.0 5
512.0 0
513.0 7
514.0 8
515.0 5
516.0 6
517.0 7
518.0 5
519.0 2
520.0 4
521.0 2
522.0 5
523.0 6
524.0 4
525.0 4
526.0 4
527.0 5
528.0 2
529.0 5
530.0 2
531.0 1
532.0 9
533.0 0
534.0 5
535.0 6
536.0 5
537.0 3
538.0 6
539.0 6
540.0 4
541.0 2
542.0 4
543.0 2
544.0 6
545.0 5
546.0 6
547.0 3
548.0 7
549.0 4
550.0 8
551.0 1
552.0 4
553.0 2
554.0 3
555.0 6
556.0 3
557.0 1
558.0 3
559.0 6
560.0 2
561.0 5
562.0 4
563.0 3
564.0 2
565.0 7
566.0 3
567.0 3
568.0 3
569.0 4
570.0 4
571.0 3
572.0 5
573.0 4
574.0 3
575.0 4
576.0 3
577.0 3
578.0 1
579.0 2
580.0 1
581.0 4
582.0 5
583.0 2
584.0 8
585.0 2
586.0 1
587.0 6
588.0 6
589.0 3
590.0 0
591.0 2
592.0 9
593.0 2
594.0 1
595.0 2
596.0 5
597.0 1
598.0 8
599.0 2
600.0 3
601.0 1
602.0 4
603.0 5
604.0 3
605.0 3
606.0 5
607.0 3
608.0 3
609.0 4
610.0 2
611.0 3
612.0 5
613.0 4
614.0 4
615.0 3
616.0 4
617.0 5
618.0 1
619.0 1
620.0 4
621.0 1
622.0 3
623.0 6
624.0 5
625.0 3
626.0 5
627.0 4
628.0 2
629.0 3
630.0 6
631.0 2
632.0 2
633.0 3
634.0 1
635.0 2
636.0 5
637.0 1
638.0 2
639.0 2
640.0 3
641.0 5
642.0 3
643.0 4
644.0 1
645.0 1
646.0 1
647.0 4
648.0 0
649.0 2
650.0 2
651.0 0
652.0 2
653.0 3
654.0 2
655.0 1
656.0 2
657.0 4
658.0 5
659.0 4
660.0 1
661.0 3
662.0 2
663.0 0
664.0 3
665.0 3
666.0 1
667.0 3
668.0 1
669.0 3
670.0 2
671.0 2
672.0 4
673.0 4
674.0 2
675.0 0
676.0 4
677.0 1
678.0 2
679.0 2
680.0 1
681.0 1
682.0 2
683.0 0
684.0 2
685.0 3
686.0 4
687.0 0
688.0 0
689.0 1
690.0 1
691.0 0
692.0 3
693.0 3
694.0 1
695.0 0
696.0 2
697.0 3
698.0 1
699.0 3
700.0 0
701.0 1
702.0 6
703.0 2
704.0 2
705.0 2
706.0 1
707.0 3
708.0 2
709.0 1
710.0 1
711.0 1
712.0 5
713.0 0
714.0 2
715.0 0
716.0 0
717.0 2
718.0 0
719.0 0
720.0 2
721.0 2
722.0 2
723.0 1
724.0 2
725.0 1
726.0 3
727.0 3
728.0 2
729.0 1
730.0 0
731.0 2
732.0 0
733.0 0
734.0 2
735.0 2
736.0 1
737.0 2
738.0 1
739.0 0
740.0 0
741.0 1
742.0 2
743.0 3
744.0 3
745.0 3
746.0 0
747.0 1
748.0 1
749.0 2
750.0 4
751.0 0
752.0 1
753.0 1
754.0 0
755.0 1
756.0 0
757.0 1
758.0 1
759.0 1
760.0 3
761.0 1
762.0 2
763.0 0
764.0 3
765.0 2
766.0 1
767.0 2
768.0 1
769.0 1
770.0 0
771.0 0
772.0 2
773.0 0
774.0 2
775.0 0
776.0 1
777.0 1
778.0 1
779.0 2
780.0 1
781.0 0
782.0 0
783.0 3
784.0 1
785.0 4
786.0 0
787.0 1
788.0 1
789.0 3
790.0 1
791.0 2
792.0 0
793.0 0
794.0 0
795.0 1
796.0 1
797.0 0
798.0 1
799.0 0
800.0 2
801.0 3
802.0 3
803.0 3
804.0 2
805.0 1
806.0 1
807.0 3
808.0 0
809.0 0
810.0 0
811.0 1
812.0 0
813.0 2
814.0 0
815.0 0
816.0 1
817.0 1
818.0 0
819.0 0
820.0 0
821.0 2
822.0 0
823.0 0
824.0 1
825.0 0
826.0 1
827.0 0
828.0 1
829.0 0
830.0 0
831.0 2
832.0 0
833.0 0
834.0 3
835.0 1
836.0 2
837.0 1
838.0 2
839.0 0
840.0 0
841.0 0
842.0 0
843.0 0
844.0 0
845.0 0
846.0 0
847.0 0
848.0 0
849.0 0
850.0 1
851.0 0
852.0 1
853.0 2
854.0 0
855.0 1
856.0 2
857.0 2
858.0 0
859.0 1
860.0 1
861.0 0
862.0 2
863.0 0
864.0 0
865.0 0
866.0 1
867.0 2
868.0 0
869.0 1
870.0 0
871.0 1
872.0 1
873.0 0
874.0 0
875.0 1
876.0 0
877.0 0
878.0 1
879.0 2
880.0 1
881.0 0
882.0 1
883.0 1
884.0 0
885.0 2
886.0 0
887.0 1
888.0 1
889.0 0
890.0 1
891.0 0
892.0 0
893.0 1
894.0 0
895.0 1
896.0 0
897.0 1
898.0 0
899.0 1
900.0 0
901.0 0
902.0 1
903.0 0
904.0 0
905.0 1
906.0 0
907.0 0
908.0 1
909.0 3
910.0 1
911.0 0
912.0 0
913.0 2
914.0 4
915.0 0
916.0 0
917.0 2
918.0 0
919.0 0
920.0 0
921.0 0
922.0 1
923.0 3
924.0 0
925.0 0
926.0 2
927.0 1
928.0 1
929.0 0
930.0 1
931.0 0
932.0 0
933.0 0
934.0 0
935.0 0
936.0 2
937.0 0
938.0 0
939.0 1
940.0 1
941.0 0
942.0 0
943.0 1
944.0 1
945.0 0
946.0 1
947.0 0
948.0 0
949.0 1
950.0 0
951.0 0
952.0 0
953.0 1
954.0 0
955.0 0
956.0 0
957.0 0
958.0 1
959.0 0
960.0 0
961.0 1
962.0 0
963.0 0
964.0 1
965.0 0
966.0 0
967.0 1
968.0 0
969.0 1
970.0 2
971.0 0
972.0 0
973.0 1
974.0 1
975.0 0
976.0 1
977.0 0
978.0 0
979.0 1
980.0 1
981.0 0
982.0 0
983.0 1
984.0 0
985.0 0
986.0 0
987.0 0
988.0 1
989.0 0
990.0 1
991.0 1
992.0 0
993.0 2
994.0 0
995.0 0
996.0 0
997.0 1
998.0 0
999.0 0
1000.0 0
1001.0 2
1002.0 0
1003.0 0
1004.0 1
1005.0 0
1006.0 1
1007.0 0
1008.0 0
1009.0 0
1010.0 0
1011.0 0
1012.0 2
1013.0 0
1014.0 1
1015.0 0
1016.0 0
1017.0 0
1018.0 0
1019.0 2
1020.0 0
1021.0 0
1022.0 0
1023.0 0
1024.0 0
1025.0 0
1026.0 0
1027.0 0
1028.0 0
1029.0 1
1030.0 0
1031.0 0
1032.0 1
1033.0 0
1034.0 0
1035.0 0
1036.0 0
1037.0 0
1038.0 0
1039.0 0
1040.0 1
1041.0 0
1042.0 1
1043.0 0
1044.0 0
1045.0 0
1046.0 0
1047.0 0
1048.0 0
1049.0 0
1050.0 0
1051.0 0
1052.0 1
1053.0 0
1054.0 1
1055.0 3
1056.0 0
1057.0 1
1058.0 0
1059.0 1
1060.0 1
1061.0 0
1062.0 1
1063.0 0
1064.0 1
1065.0 0
1066.0 0
1067.0 0
1068.0 1
1069.0 0
1070.0 0
1071.0 0
1072.0 0
1073.0 0
1074.0 1
1075.0 0
1076.0 1
1077.0 0
1078.0 0
1079.0 0
1080.0 1
1081.0 0
1082.0 0
1083.0 0
1084.0 1
1085.0 0
1086.0 0
1087.0 0
1088.0 0
1089.0 0
1090.0 0
1091.0 0
1092.0 0
1093.0 0
1094.0 0
1095.0 0
1096.0 0
1097.0 0
1098.0 0
1099.0 0
1100.0 0
1101.0 1
1102.0 0
1103.0 0
1104.0 0
1105.0 1
1106.0 0
1107.0 1
1108.0 0
1109.0 0
1110.0 0
1111.0 0
1112.0 0
1113.0 0
1114.0 1
1115.0 0
1116.0 0
1117.0 0
1118.0 0
1119.0 0
1120.0 0
1121.0 0
1122.0 1
1123.0 1
1124.0 0
1125.0 0
1126.0 0
1127.0 0
1128.0 0
1129.0 0
1130.0 0
1131.0 0
1132.0 0
1133.0 0
1134.0 0
1135.0 0
1136.0 2
1137.0 0
1138.0 0
1139.0 1
1140.0 0
1141.0 0
1142.0 0
1143.0 0
1144.0 0
1145.0 0
1146.0 0
1147.0 0
1148.0 1
1149.0 0
1150.0 0
1151.0 1
1152.0 0
1153.0 0
1154.0 0
1155.0 0
1156.0 0
1157.0 0
1158.0 0
1159.0 0
1160.0 0
1161.0 0
1162.0 0
1163.0 1
1164.0 0
1165.0 0
1166.0 0
1167.0 1
1168.0 0
1169.0 0
1170.0 0
1171.0 0
1172.0 0
1173.0 0
1174.0 0
1175.0 0
1176.0 0
1177.0 1
1178.0 0
1179.0 0
1180.0 0
1181.0 0
1182.0 0
1183.0 0
1184.0 0
1185.0 0
1186.0 0
1187.0 1
1188.0 0
1189.0 0
1190.0 0
1191.0 0
1192.0 0
1193.0 0
1194.0 0
1195.0 0
1196.0 1
1197.0 0
1198.0 0
1199.0 0
1200.0 1
1201.0 0
1202.0 0
1203.0 0
1204.0 0
1205.0 1
1206.0 0
1207.0 0
1208.0 0
1209.0 0
1210.0 1
1211.0 0
1212.0 0
1213.0 0
1214.0 0
1215.0 0
1216.0 0
1217.0 0
1218.0 0
1219.0 0
1220.0 0
1221.0 0
1222.0 0
1223.0 0
1224.0 0
1225.0 1
1226.0 0
1227.0 0
1228.0 1
1229.0 0
1230.0 1
1231.0 1
1232.0 0
1233.0 0
1234.0 0
1235.0 0
1236.0 0
1237.0 0
1238.0 0
1239.0 0
1240.0 0
1241.0 0
1242.0 0
1243.0 0
1244.0 0
1245.0 0
1246.0 0
1247.0 0
1248.0 0
1249.0 0
1250.0 0
1251.0 0
1252.0 0
1253.0 0
1254.0 0
1255.0 0
1256.0 0
1257.0 0
1258.0 0
1259.0 0
1260.0 0
1261.0 0
1262.0 0
1263.0 0
1264.0 0
1265.0 0
1266.0 0
1267.0 0
1268.0 0
1269.0 0
1270.0 0
1271.0 0
1272.0 0
1273.0 0
1274.0 0
1275.0 0
1276.0 0
1277.0 0
1278.0 0
1279.0 0
1280.0 0
1281.0 0
1282.0 0
1283.0 0
1284.0 0
1285.0 0
1286.0 0
1287.0 0
1288.0 0
1289.0 0
1290.0 0
1291.0 0
1292.0 0
1293.0 1
1294.0 0
1295.0 0
1296.0 0
1297.0 0
1298.0 0
1299.0 0
1300.0 0
1301.0 0
1302.0 0
1303.0 0
1304.0 0
1305.0 0
1306.0 0
1307.0 0
1308.0 0
1309.0 0
1310.0 1
1311.0 0
1312.0 0
1313.0 0
1314.0 0
1315.0 0
1316.0 0
1317.0 0
1318.0 0
1319.0 0
1320.0 0
1321.0 0
1322.0 0
1323.0 0
1324.0 0
1325.0 0
1326.0 0
1327.0 1
1328.0 0
1329.0 0
1330.0 0
1331.0 0
1332.0 0
1333.0 0
1334.0 0
1335.0 0
1336.0 0
1337.0 0
1338.0 0
1339.0 0
1340.0 0
1341.0 0
1342.0 0
1343.0 0
1344.0 0
1345.0 0
1346.0 0
1347.0 0
1348.0 0
1349.0 0
1350.0 0
1351.0 0
1352.0 0
1353.0 0
1354.0 0
1355.0 0
1356.0 0
1357.0 0
1358.0 0
1359.0 0
1360.0 0
1361.0 0
1362.0 0
1363.0 0
1364.0 0
1365.0 0
1366.0 0
1367.0 0
1368.0 0
1369.0 0
1370.0 0
1371.0 0
1372.0 0
1373.0 0
1374.0 0
1375.0 0
1376.0 0
1377.0 1
1378.0 0
1379.0 0
1380.0 0
1381.0 0
1382.0 0
1383.0 0
1384.0 0
1385.0 0
1386.0 0
1387.0 0
1388.0 0
1389.0 0
1390.0 0
1391.0 0
1392.0 0
1393.0 0
1394.0 0
1395.0 0
1396.0 0
1397.0 0
1398.0 0
1399.0 0
1400.0 0
1401.0 0
1402.0 1
1403.0 0
1404.0 0
1405.0 0
1406.0 0
1407.0 0
1408.0 0
1409.0 0
1410.0 0
1411.0 0
1412.0 0
1413.0 0
1414.0 0
1415.0 0
1416.0 0
1417.0 0
1418.0 0
1419.0 0
1420.0 0
1421.0 0
1422.0 0
1423.0 0
1424.0 0
1425.0 0
1426.0 0
1427.0 0
1428.0 0
1429.0 0
1430.0 0
1431.0 0
1432.0 0
1433.0 0
1434.0 0
1435.0 0
1436.0 0
1437.0 1
1438.0 0
1439.0 0
1440.0 0
1441.0 0
1442.0 0
1443.0 0
1444.0 0
1445.0 0
1446.0 0
1447.0 0
1448.0 0
1449.0 0
1450.0 0
1451.0 0
1452.0 0
1453.0 1
1454.0 0
1455.0 0
1456.0 0
1457.0 0
1458.0 0
1459.0 0
1460.0 0
1461.0 0
1462.0 0
1463.0 0
1464.0 0
1465.0 0
1466.0 0
1467.0 0
1468.0 0
1469.0 0
1470.0 0
1471.0 0
1472.0 0
1473.0 0
1474.0 0
1475.0 0
1476.0 0
1477.0 0
1478.0 0
1479.0 0
1480.0 0
1481.0 0
1482.0 0
1483.0 0
1484.0 0
1485.0 0
1486.0 0
1487.0 0
1488.0 0
1489.0 0
1490.0 0
1491.0 0
1492.0 0
1493.0 0
1494.0 0
1495.0 0
1496.0 0
1497.0 0
1498.0 0
1499.0 0
1500.0 0
1501.0 0
1502.0 0
1503.0 0
1504.0 0
1505.0 0
1506.0 0
1507.0 0
1508.0 0
1509.0 0
1510.0 0
1511.0 0
1512.0 0
1513.0 0
1514.0 0
1515.0 0
1516.0 0
1517.0 0
1518.0 0
1519.0 0
1520.0 0
1521.0 0
1522.0 0
1523.0 0
1524.0 0
1525.0 0
1526.0 0
1527.0 0
1528.0 0
1529.0 0
1530.0 0
1531.0 0
1532.0 0
1533.0 0
1534.0 0
1535.0 0
1536.0 0
1537.0 0
1538.0 0
1539.0 0
1540.0 0
1541.0 1
1542.0 0
1543.0 0
1544.0 0
1545.0 0
1546.0 0
1547.0 0
1548.0 0
1549.0 0
1550.0 0
1551.0 0
1552.0 0
1553.0 0
1554.0 0
1555.0 0
1556.0 0
1557.0 0
1558.0 0
1559.0 0
1560.0 0
1561.0 0
1562.0 1
1563.0 0
1564.0 0
1565.0 0
1566.0 0
1567.0 0
1568.0 0
1569.0 0
1570.0 0
1571.0 0
1572.0 0
1573.0 0
1574.0 0
1575.0 0
1576.0 0
1577.0 0
1578.0 0
1579.0 0
1580.0 0
1581.0 0
1582.0 0
1583.0 0
1584.0 0
1585.0 0
1586.0 0
1587.0 0
1588.0 0
1589.0 0
1590.0 0
1591.0 0
1592.0 0
1593.0 0
1594.0 0
1595.0 0
1596.0 0
1597.0 1
1598.0 0
1599.0 0
1600.0 0
1601.0 0
1602.0 0
1603.0 1
1604.0 0
1605.0 0
1606.0 0
1607.0 0
1608.0 0
1609.0 0
1610.0 0
1611.0 0
1612.0 0
1613.0 0
1614.0 0
1615.0 0
1616.0 0
1617.0 0
1618.0 0
1619.0 0
1620.0 0
1621.0 0
1622.0 0
1623.0 0
1624.0 0
1625.0 0
1626.0 0
1627.0 0
1628.0 0
1629.0 0
1630.0 0
1631.0 0
1632.0 0
1633.0 0
1634.0 0
1635.0 0
1636.0 0
1637.0 0
1638.0 0
1639.0 0
1640.0 0
1641.0 0
1642.0 0
1643.0 0
1644.0 0
1645.0 0
1646.0 0
1647.0 0
1648.0 0
1649.0 0
1650.0 0
1651.0 0
1652.0 0
1653.0 0
1654.0 0
1655.0 0
1656.0 0
1657.0 0
1658.0 0
1659.0 0
1660.0 0
1661.0 0
1662.0 0
1663.0 0
1664.0 0
1665.0 0
1666.0 0
1667.0 0
1668.0 0
1669.0 0
1670.0 0
1671.0 0
1672.0 0
1673.0 0
1674.0 0
1675.0 0
1676.0 0
1677.0 0
1678.0 0
1679.0 0
1680.0 0
1681.0 0
1682.0 0
1683.0 0
1684.0 0
1685.0 0
1686.0 0
1687.0 0
1688.0 0
1689.0 0
1690.0 0
1691.0 0
1692.0 0
1693.0 0
1694.0 0
1695.0 0
1696.0 0
1697.0 0
1698.0 0
1699.0 0
1700.0 0
1701.0 0
1702.0 0
1703.0 0
1704.0 0
1705.0 0
1706.0 0
1707.0 0
1708.0 0
1709.0 0
1710.0 0
1711.0 0
1712.0 0
1713.0 0
1714.0 0
1715.0 0
1716.0 0
1717.0 0
1718.0 0
1719.0 0
1720.0 0
1721.0 0
1722.0 0
1723.0 0
1724.0 0
1725.0 0
1726.0 0
1727.0 0
1728.0 0
1729.0 0
1730.0 0
1731.0 0
1732.0 0
1733.0 0
1734.0 0
1735.0 0
1736.0 0
1737.0 0
1738.0 0
1739.0 0
1740.0 0
1741.0 0
1742.0 0
1743.0 0
1744.0 0
1745.0 0
1746.0 0
1747.0 0
1748.0 0
1749.0 0
1750.0 0
1751.0 0
1752.0 0
1753.0 0
1754.0 0
1755.0 0
1756.0 0
1757.0 0
1758.0 0
1759.0 0
1760.0 0
1761.0 0
1762.0 0
1763.0 0
1764.0 0
1765.0 0
1766.0 0
1767.0 0
1768.0 0
1769.0 0
1770.0 0
1771.0 0
1772.0 0
1773.0 0
1774.0 0
1775.0 0
1776.0 0
1777.0 0
1778.0 0
1779.0 0
1780.0 0
1781.0 0
1782.0 0
1783.0 0
1784.0 0
1785.0 0
1786.0 0
1787.0 0
1788.0 0
1789.0 0
1790.0 0
1791.0 0
1792.0 0
1793.0 0
1794.0 0
1795.0 0
1796.0 0
1797.0 0
1798.0 0
1799.0 0
1800.0 0
1801.0 0
1802.0 0
1803.0 0
1804.0 0
1805.0 0
1806.0 0
1807.0 0
1808.0 0
1809.0 0
1810.0 0
1811.0 0
1812.0 0
1813.0 0
1814.0 0
1815.0 0
1816.0 0
1817.0 0
1818.0 0
1819.0 0
1820.0 0
1821.0 0
1822.0 0
1823.0 0
1824.0 0
1825.0 0
1826.0 0
1827.0 0
1828.0 0
1829.0 0
1830.0 1
1831.0 0
