0.0 9
1.0 10
2.0 5
3.0 14
4.0 16
5.0 10
6.0 14
7.0 8
8.0 9
9.0 16
10.0 15
11.0 14
12.0 18
13.0 20
14.0 17
15.0 19
16.0 20
17.0 27
18.0 20
19.0 24
20.0 16
21.0 22
22.0 23
23.0 27
24.0 31
25.0 20
26.0 19
27.0 24
28.0 14
29.0 21
30.0 33
31.0 23
32.0 25
33.0 18
34.0 20
35.0 16
36.0 25
37.0 24
38.0 14
39.0 17
40.0 22
41.0 21
42.0 16
43.0 17
44.0 23
45.0 24
46.0 12
47.0 17
48.0 11
49.0 17
50.0 22
51.0 12
52.0 17
53.0 11
54.0 15
55.0 15
56.0 23
57.0 13
58.0 19
59.0 12
60.0 18
61.0 14
62.0 17
63.0 13
64.0 29
65.0 21
66.0 24
67.0 14
68.0 12
69.0 24
70.0 18
71.0 13
72.0 19
73.0 12
74.0 20
75.0 24
76.0 21
77.0 15
78.0 18
79.0 16
80.0 20
81.0 23
82.0 29
83.0 19
84.0 19
85.0 25
86.0 32
87.0 22
88.0 30
89.0 31
90.0 34
91.0 29
92.0 28
93.0 23
94.0 25
95.0 33
96.0 38
97.0 36
98.0 32
99.0 26
100.0 36
101.0 32
102.0 46
103.0 35
104.0 45
105.0 38
106.0 37
107.0 34
108.0 46
109.0 31
110.0 39
111.0 31
112.0 37
113.0 42
114.0 35
115.0 49
116.0 35
117.0 30
118.0 35
119.0 33
120.0 37
121.0 37
122.0 40
123.0 32
124.0 23
125.0 30
126.0 31
127.0 28
128.0 34
129.0 28
130.0 25
131.0 28
132.0 31
133.0 32
134.0 32
135.0 25
136.0 21
137.0 32
138.0 19
139.0 32
140.0 24
141.0 38
142.0 32
143.0 18
144.0 22
145.0 27
146.0 34
147.0 28
148.0 21
149.0 20
150.0 22
151.0 26
152.0 13
153.0 20
154.0 19
155.0 11
156.0 15
157.0 21
158.0 27
159.0 18
160.0 22
161.0 26
162.0 14
163.0 16
164.0 12
165.0 14
166.0 22
167.0 15
168.0 12
169.0 17
170.0 19
171.0 27
172.0 11
173.0 27
174.0 23
175.0 12
176.0 13
177.0 20
178.0 18
179.0 16
180.0 17
181.0 16
182.0 5
183.0 12
184.0 11
185.0 12
186.0 8
187.0 15
188.0 19
189.0 19
190.0 8
191.0 9
192.0 11
193.0 10
194.0 9
195.0 8
196.0 11
197.0 16
198.0 8
199.0 10
200.0 11
201.0 3
202.0 11
203.0 9
204.0 10
205.0 8
206.0 5
207.0 14
208.0 10
209.0 10
210.0 5
211.0 6
212.0 8
213.0 7
214.0 8
215.0 9
216.0 4
217.0 8
218.0 4
219.0 14
220.0 4
221.0 5
222.0 5
223.0 5
224.0 11
225.0 11
226.0 6
227.0 7
228.0 7
229.0 4
230.0 12
231.0 13
232.0 5
233.0 6
234.0 6
235.0 5
236.0 5
237.0 5
238.0 6
239.0 5
240.0 6
241.0 6
242.0 4
243.0 11
244.0 6
245.0 8
246.0 7
247.0 3
248.0 5
249.0 8
250.0 6
251.0 10
252.0 4
253.0 3
254.0 3
255.0 8
256.0 3
257.0 5
258.0 4
259.0 3
260.0 1
261.0 6
262.0 3
263.0 6
264.0 1
265.0 7
266.0 3
267.0 2
268.0 5
269.0 1
270.0 3
271.0 4
272.0 5
273.0 3
274.0 5
275.0 5
276.0 4
277.0 3
278.0 8
279.0 5
280.0 1
281.0 2
282.0 9
283.0 4
284.0 0
285.0 0
286.0 4
287.0 5
288.0 3
289.0 5
290.0 5
291.0 6
292.0 0
293.0 3
294.0 1
295.0 3
296.0 5
297.0 2
298.0 4
299.0 4
300.0 2
301.0 3
302.0 5
303.0 2
304.0 4
305.0 3
306.0 2
307.0 5
308.0 4
309.0 1
310.0 4
311.0 2
312.0 3
313.0 1
314.0 5
315.0 4
316.0 4
317.0 5
318.0 3
319.0 2
320.0 4
321.0 1
322.0 4
323.0 0
324.0 3
325.0 5
326.0 4
327.0 2
328.0 0
329.0 2
330.0 4
331.0 2
332.0 4
333.0 1
334.0 2
335.0 1
336.0 5
337.0 2
338.0 2
339.0 3
340.0 2
341.0 3
342.0 2
343.0 3
344.0 1
345.0 0
346.0 5
347.0 3
348.0 1
349.0 0
350.0 5
351.0 5
352.0 0
353.0 8
354.0 1
355.0 3
356.0 3
357.0 2
358.0 3
359.0 0
360.0 1
361.0 2
362.0 2
363.0 2
364.0 2
365.0 1
366.0 3
367.0 1
368.0 1
369.0 2
370.0 1
371.0 0
372.0 2
373.0 0
374.0 3
375.0 2
376.0 3
377.0 4
378.0 0
379.0 1
380.0 0
381.0 0
382.0 2
383.0 4
384.0 0
385.0 3
386.0 4
387.0 2
388.0 2
389.0 4
390.0 1
391.0 2
392.0 3
393.0 1
394.0 2
395.0 1
396.0 2
397.0 0
398.0 3
399.0 1
400.0 1
401.0 0
402.0 5
403.0 1
404.0 0
405.0 3
406.0 2
407.0 1
408.0 0
409.0 1
410.0 1
411.0 0
412.0 1
413.0 1
414.0 1
415.0 0
416.0 1
417.0 3
418.0 2
419.0 1
420.0 2
421.0 2
422.0 3
423.0 3
424.0 1
425.0 2
426.0 2
427.0 2
428.0 3
429.0 1
430.0 1
431.0 0
432.0 1
433.0 1
434.0 2
435.0 0
436.0 1
437.0 0
438.0 2
439.0 2
440.0 0
441.0 4
442.0 2
443.0 1
444.0 0
445.0 0
446.0 1
447.0 0
448.0 3
449.0 0
450.0 0
451.0 2
452.0 1
453.0 0
454.0 0
455.0 1
456.0 1
457.0 3
458.0 1
459.0 3
460.0 1
461.0 2
462.0 3
463.0 1
464.0 2
465.0 1
466.0 1
467.0 1
468.0 0
469.0 0
470.0 3
471.0 3
472.0 0
473.0 5
474.0 0
475.0 0
476.0 1
477.0 0
478.0 1
479.0 1
480.0 0
481.0 1
482.0 0
483.0 1
484.0 1
485.0 2
486.0 0
487.0 1
488.0 2
489.0 0
490.0 1
491.0 2
492.0 0
493.0 0
494.0 2
495.0 2
496.0 1
497.0 1
498.0 0
499.0 1
500.0 1
501.0 2
502.0 3
503.0 1
504.0 1
505.0 2
506.0 1
507.0 0
508.0 2
509.0 2
510.0 1
511.0 0
512.0 3
513.0 1
514.0 0
515.0 1
516.0 1
517.0 0
518.0 1
519.0 2
520.0 0
521.0 1
522.0 0
523.0 2
524.0 2
525.0 0
526.0 0
527.0 0
528.0 2
529.0 0
530.0 0
531.0 0
532.0 2
533.0 0
534.0 0
535.0 2
536.0 1
537.0 0
538.0 0
539.0 0
540.0 1
541.0 0
542.0 0
543.0 1
544.0 0
545.0 0
546.0 0
547.0 0
548.0 0
549.0 1
550.0 0
551.0 1
552.0 0
553.0 0
554.0 0
555.0 1
556.0 0
557.0 1
558.0 0
559.0 1
560.0 1
561.0 2
562.0 0
563.0 1
564.0 0
565.0 0
566.0 1
567.0 0
568.0 1
569.0 0
570.0 0
571.0 0
572.0 0
573.0 0
574.0 0
575.0 0
576.0 2
577.0 0
578.0 1
579.0 1
580.0 0
581.0 0
582.0 0
583.0 0
584.0 0
585.0 0
586.0 0
587.0 1
588.0 0
589.0 0
590.0 0
591.0 1
592.0 1
593.0 0
594.0 0
595.0 0
596.0 0
597.0 0
598.0 1
599.0 0
600.0 1
601.0 0
602.0 1
603.0 0
604.0 1
605.0 1
606.0 0
607.0 0
608.0 1
609.0 0
610.0 0
611.0 1
612.0 2
613.0 0
614.0 0
615.0 1
616.0 2
617.0 0
618.0 1
619.0 0
620.0 2
621.0 0
622.0 0
623.0 0
624.0 0
625.0 0
626.0 0
627.0 0
628.0 1
629.0 0
630.0 1
631.0 0
632.0 2
633.0 1
634.0 0
635.0 0
636.0 0
637.0 0
638.0 1
639.0 1
640.0 0
641.0 0
642.0 0
643.0 1
644.0 1
645.0 0
646.0 0
647.0 0
648.0 0
649.0 0
650.0 0
651.0 0
652.0 0
653.0 1
654.0 2
655.0 0
656.0 1
657.0 1
658.0 0
659.0 0
660.0 0
661.0 0
662.0 0
663.0 0
664.0 0
665.0 0
666.0 0
667.0 0
668.0 1
669.0 0
670.0 0
671.0 0
672.0 1
673.0 0
674.0 0
675.0 1
676.0 0
677.0 0
678.0 1
679.0 1
680.0 0
681.0 0
682.0 0
683.0 0
684.0 0
685.0 1
686.0 1
687.0 1
688.0 0
689.0 1
690.0 0
691.0 0
692.0 0
693.0 1
694.0 1
695.0 0
696.0 0
697.0 0
698.0 0
699.0 0
700.0 0
701.0 0
702.0 0
703.0 0
704.0 0
705.0 1
706.0 1
707.0 1
708.0 0
709.0 0
710.0 0
711.0 0
712.0 1
713.0 0
714.0 1
715.0 1
716.0 0
717.0 1
718.0 1
719.0 0
720.0 0
721.0 0
722.0 1
723.0 0
724.0 0
725.0 0
726.0 0
727.0 0
728.0 0
729.0 1
730.0 0
731.0 0
732.0 0
733.0 1
734.0 0
735.0 2
736.0 0
737.0 0
738.0 0
739.0 0
740.0 0
741.0 0
742.0 0
743.0 1
744.0 2
745.0 0
746.0 2
747.0 1
748.0 0
749.0 0
750.0 0
751.0 0
752.0 0
753.0 0
754.0 0
755.0 0
756.0 0
757.0 0
758.0 2
759.0 0
760.0 0
761.0 0
762.0 0
763.0 0
764.0 0
765.0 0
766.0 0
767.0 1
768.0 0
769.0 1
770.0 0
771.0 1
772.0 0
773.0 0
774.0 0
775.0 0
776.0 0
777.0 0
778.0 1
779.0 0
780.0 0
781.0 0
782.0 0
783.0 0
784.0 0
785.0 0
786.0 0
787.0 0
788.0 1
789.0 0
790.0 0
791.0 0
792.0 0
793.0 0
794.0 0
795.0 0
796.0 1
797.0 0
798.0 1
799.0 0
800.0 1
801.0 0
802.0 0
803.0 0
804.0 0
805.0 0
806.0 0
807.0 0
808.0 0
809.0 0
810.0 0
811.0 0
812.0 0
813.0 0
814.0 0
815.0 0
816.0 0
817.0 0
818.0 1
819.0 1
820.0 0
821.0 0
822.0 0
823.0 0
824.0 0
825.0 0
826.0 0
827.0 0
828.0 0
829.0 0
830.0 0
831.0 0
832.0 0
833.0 1
834.0 0
835.0 0
836.0 0
837.0 0
838.0 0
839.0 0
840.0 0
841.0 0
842.0 0
843.0 0
844.0 0
845.0 1
846.0 0
847.0 0
848.0 0
849.0 0
850.0 0
851.0 0
852.0 0
853.0 0
854.0 0
855.0 0
856.0 0
857.0 0
858.0 0
859.0 0
860.0 0
861.0 0
862.0 1
863.0 0
864.0 0
865.0 0
866.0 0
867.0 0
868.0 1
869.0 0
870.0 1
871.0 0
872.0 0
873.0 0
874.0 0
875.0 0
876.0 0
877.0 0
878.0 0
879.0 0
880.0 1
881.0 0
882.0 0
883.0 0
884.0 0
885.0 0
886.0 0
887.0 0
888.0 0
889.0 0
890.0 0
891.0 0
892.0 0
893.0 0
894.0 0
895.0 0
896.0 0
897.0 0
898.0 0
899.0 0
900.0 0
901.0 0
902.0 0
903.0 0
904.0 0
905.0 1
906.0 0
907.0 0
908.0 0
909.0 0
910.0 0
911.0 0
912.0 0
913.0 0
914.0 0
915.0 0
916.0 0
917.0 1
918.0 0
919.0 0
920.0 0
921.0 1
922.0 0
923.0 0
924.0 0
925.0 0
926.0 0
927.0 0
928.0 0
929.0 0
930.0 0
931.0 0
932.0 0
933.0 0
934.0 0
935.0 0
936.0 0
937.0 0
938.0 0
939.0 0
940.0 0
941.0 0
942.0 0
943.0 0
944.0 0
945.0 0
946.0 0
947.0 0
948.0 0
949.0 0
950.0 0
951.0 0
952.0 0
953.0 0
954.0 1
955.0 0
956.0 0
957.0 0
958.0 0
959.0 0
960.0 0
961.0 1
962.0 0
963.0 0
964.0 0
965.0 0
966.0 0
967.0 0
968.0 0
969.0 0
970.0 0
971.0 1
972.0 0
973.0 0
974.0 0
975.0 0
976.0 1
977.0 0
978.0 0
979.0 0
980.0 0
981.0 0
982.0 0
983.0 0
984.0 0
985.0 0
986.0 0
987.0 1
988.0 0
989.0 0
990.0 0
991.0 0
992.0 1
993.0 0
994.0 0
995.0 0
996.0 0
997.0 0
998.0 0
999.0 0
1000.0 1
1001.0 0
1002.0 0
1003.0 0
1004.0 0
1005.0 0
1006.0 0
1007.0 0
1008.0 0
1009.0 0
1010.0 0
1011.0 0
1012.0 0
1013.0 0
1014.0 2
1015.0 0
1016.0 0
1017.0 0
1018.0 0
1019.0 0
1020.0 0
1021.0 0
1022.0 0
1023.0 0
1024.0 0
1025.0 0
1026.0 0
1027.0 0
1028.0 0
1029.0 0
1030.0 0
1031.0 0
1032.0 0
1033.0 0
1034.0 0
1035.0 0
1036.0 0
1037.0 1
1038.0 0
1039.0 0
1040.0 0
1041.0 0
1042.0 0
1043.0 0
1044.0 0
1045.0 0
1046.0 0
1047.0 0
1048.0 0
1049.0 1
1050.0 0
1051.0 0
1052.0 0
1053.0 0
1054.0 0
1055.0 0
1056.0 0
1057.0 0
1058.0 0
1059.0 0
1060.0 0
1061.0 0
1062.0 1
1063.0 0
1064.0 0
1065.0 0
1066.0 0
1067.0 0
1068.0 0
1069.0 1
1070.0 0
1071.0 0
1072.0 0
1073.0 0
1074.0 0
1075.0 0
1076.0 0
1077.0 0
1078.0 0
1079.0 0
1080.0 0
1081.0 0
1082.0 0
1083.0 0
1084.0 0
1085.0 0
1086.0 0
1087.0 0
1088.0 0
1089.0 0
1090.0 0
1091.0 0
1092.0 0
1093.0 0
1094.0 0
1095.0 0
1096.0 0
1097.0 0
1098.0 0
1099.0 0
1100.0 0
1101.0 0
1102.0 0
1103.0 0
1104.0 0
1105.0 0
1106.0 0
1107.0 0
1108.0 0
1109.0 1
1110.0 0
1111.0 0
1112.0 1
1113.0 0
1114.0 0
1115.0 0
1116.0 0
1117.0 1
1118.0 0
1119.0 0
1120.0 0
1121.0 0
1122.0 0
1123.0 0
1124.0 0
1125.0 0
1126.0 1
1127.0 0
1128.0 0
1129.0 0
1130.0 0
1131.0 0
1132.0 0
1133.0 0
1134.0 0
1135.0 0
1136.0 0
1137.0 0
1138.0 0
1139.0 0
1140.0 0
1141.0 0
1142.0 0
1143.0 0
1144.0 0
1145.0 0
1146.0 0
1147.0 0
1148.0 0
1149.0 0
1150.0 0
1151.0 0
1152.0 0
1153.0 0
1154.0 0
1155.0 0
1156.0 0
1157.0 0
1158.0 0
1159.0 0
1160.0 0
1161.0 0
1162.0 0
1163.0 0
1164.0 0
1165.0 0
1166.0 0
1167.0 0
1168.0 0
1169.0 0
1170.0 0
1171.0 0
1172.0 0
1173.0 0
1174.0 0
1175.0 0
1176.0 0
1177.0 0
1178.0 0
1179.0 0
1180.0 0
1181.0 0
1182.0 0
1183.0 0
1184.0 0
1185.0 0
1186.0 0
1187.0 0
1188.0 0
1189.0 0
1190.0 0
1191.0 0
1192.0 0
1193.0 0
1194.0 0
1195.0 1
1196.0 0
1197.0 0
1198.0 0
1199.0 0
1200.0 0
1201.0 0
1202.0 0
1203.0 0
1204.0 0
1205.0 0
1206.0 0
1207.0 0
1208.0 0
1209.0 0
1210.0 0
1211.0 0
1212.0 0
1213.0 0
1214.0 0
1215.0 0
1216.0 1
1217.0 0
1218.0 0
1219.0 0
1220.0 0
1221.0 0
1222.0 0
1223.0 0
1224.0 0
1225.0 0
1226.0 0
1227.0 0
1228.0 0
1229.0 0
1230.0 0
1231.0 0
1232.0 0
1233.0 0
1234.0 0
1235.0 0
1236.0 0
1237.0 0
1238.0 0
1239.0 0
1240.0 0
1241.0 0
1242.0 0
1243.0 0
1244.0 0
1245.0 0
1246.0 0
1247.0 0
1248.0 0
1249.0 0
1250.0 0
1251.0 0
1252.0 0
1253.0 0
1254.0 0
1255.0 0
1256.0 0
1257.0 0
1258.0 0
1259.0 0
1260.0 0
1261.0 0
1262.0 0
1263.0 0
1264.0 0
1265.0 0
1266.0 0
1267.0 0
1268.0 0
1269.0 0
1270.0 0
1271.0 0
1272.0 0
1273.0 0
1274.0 0
1275.0 0
1276.0 0
1277.0 0
1278.0 0
1279.0 0
1280.0 0
1281.0 0
1282.0 0
1283.0 0
1284.0 0
1285.0 0
1286.0 0
1287.0 0
1288.0 0
1289.0 0
1290.0 0
1291.0 0
1292.0 0
1293.0 0
1294.0 0
1295.0 0
1296.0 0
1297.0 0
1298.0 0
1299.0 0
1300.0 0
1301.0 0
1302.0 0
1303.0 0
1304.0 0
1305.0 0
1306.0 0
1307.0 0
1308.0 0
1309.0 0
1310.0 0
1311.0 0
1312.0 0
1313.0 0
1314.0 0
1315.0 0
1316.0 0
1317.0 0
1318.0 0
1319.0 0
1320.0 0
1321.0 0
1322.0 0
1323.0 0
1324.0 0
1325.0 0
1326.0 0
1327.0 0
1328.0 0
1329.0 0
1330.0 0
1331.0 0
1332.0 0
1333.0 0
1334.0 0
1335.0 0
1336.0 0
1337.0 0
1338.0 0
1339.0 0
1340.0 0
1341.0 0
1342.0 0
1343.0 0
1344.0 1
1345.0 0
1346.0 0
1347.0 0
1348.0 0
1349.0 0
1350.0 0
1351.0 0
1352.0 0
1353.0 0
1354.0 0
1355.0 0
1356.0 0
1357.0 0
1358.0 0
1359.0 0
1360.0 0
1361.0 0
1362.0 0
1363.0 0
1364.0 0
1365.0 0
1366.0 0
1367.0 0
1368.0 0
1369.0 0
1370.0 0
1371.0 0
1372.0 0
1373.0 0
1374.0 0
1375.0 0
1376.0 0
1377.0 0
1378.0 0
1379.0 0
1380.0 0
1381.0 0
1382.0 0
1383.0 0
1384.0 0
1385.0 0
1386.0 0
1387.0 0
1388.0 0
1389.0 0
1390.0 0
1391.0 0
1392.0 0
1393.0 0
1394.0 0
1395.0 0
1396.0 0
1397.0 0
1398.0 0
1399.0 0
1400.0 0
1401.0 0
1402.0 0
1403.0 0
1404.0 0
1405.0 0
1406.0 0
1407.0 0
1408.0 0
1409.0 0
1410.0 0
1411.0 0
1412.0 0
1413.0 0
1414.0 0
1415.0 0
1416.0 0
1417.0 0
1418.0 0
1419.0 0
1420.0 0
1421.0 0
1422.0 0
1423.0 0
1424.0 0
1425.0 0
1426.0 0
1427.0 0
1428.0 0
1429.0 0
1430.0 0
1431.0 0
1432.0 0
1433.0 0
1434.0 0
1435.0 0
1436.0 0
1437.0 0
1438.0 0
1439.0 0
1440.0 0
1441.0 0
1442.0 0
1443.0 0
1444.0 0
1445.0 0
1446.0 0
1447.0 0
1448.0 0
1449.0 0
1450.0 0
1451.0 0
1452.0 0
1453.0 0
1454.0 0
1455.0 0
1456.0 0
1457.0 0
1458.0 0
1459.0 0
1460.0 0
1461.0 0
1462.0 0
1463.0 0
1464.0 0
1465.0 0
1466.0 0
1467.0 0
1468.0 0
1469.0 0
1470.0 0
1471.0 0
1472.0 0
1473.0 0
1474.0 0
1475.0 0
1476.0 0
1477.0 0
1478.0 0
1479.0 0
1480.0 0
1481.0 0
1482.0 0
1483.0 0
1484.0 0
1485.0 0
1486.0 0
1487.0 0
1488.0 0
1489.0 0
1490.0 0
1491.0 0
1492.0 0
1493.0 0
1494.0 0
1495.0 0
1496.0 0
1497.0 0
1498.0 0
1499.0 0
1500.0 0
1501.0 0
1502.0 0
1503.0 0
1504.0 0
1505.0 0
1506.0 0
1507.0 0
1508.0 0
1509.0 0
1510.0 0
1511.0 0
1512.0 0
1513.0 0
1514.0 0
1515.0 0
1516.0 0
1517.0 0
1518.0 0
1519.0 0
1520.0 0
1521.0 0
1522.0 0
1523.0 0
1524.0 0
1525.0 0
1526.0 0
1527.0 0
1528.0 0
1529.0 0
1530.0 0
1531.0 0
1532.0 0
1533.0 0
1534.0 0
1535.0 0
1536.0 0
1537.0 0
1538.0 0
1539.0 0
1540.0 0
1541.0 0
1542.0 0
1543.0 0
1544.0 0
1545.0 0
1546.0 0
1547.0 0
1548.0 0
1549.0 0
1550.0 0
1551.0 0
1552.0 0
1553.0 0
1554.0 0
1555.0 0
1556.0 0
1557.0 0
1558.0 0
1559.0 0
1560.0 0
1561.0 0
1562.0 0
1563.0 0
1564.0 0
1565.0 0
1566.0 0
1567.0 0
1568.0 0
1569.0 0
1570.0 0
1571.0 0
1572.0 0
1573.0 0
1574.0 0
1575.0 0
1576.0 0
1577.0 0
1578.0 0
1579.0 0
1580.0 0
1581.0 0
1582.0 0
1583.0 0
1584.0 0
1585.0 0
1586.0 0
1587.0 0
1588.0 0
1589.0 0
1590.0 0
1591.0 0
1592.0 0
1593.0 0
1594.0 0
1595.0 0
1596.0 0
1597.0 0
1598.0 0
1599.0 0
1600.0 0
1601.0 0
1602.0 0
1603.0 0
1604.0 0
1605.0 0
1606.0 0
1607.0 0
1608.0 0
1609.0 0
1610.0 0
1611.0 0
1612.0 0
1613.0 0
1614.0 0
1615.0 0
1616.0 0
1617.0 0
1618.0 0
1619.0 0
1620.0 0
1621.0 0
1622.0 0
1623.0 0
1624.0 0
1625.0 0
1626.0 0
1627.0 0
1628.0 0
1629.0 0
1630.0 0
1631.0 0
1632.0 0
1633.0 0
1634.0 0
1635.0 0
1636.0 0
1637.0 0
1638.0 0
1639.0 0
1640.0 0
1641.0 0
1642.0 0
1643.0 0
1644.0 0
1645.0 0
1646.0 0
1647.0 0
1648.0 0
1649.0 0
1650.0 0
1651.0 0
1652.0 0
1653.0 0
1654.0 0
1655.0 0
1656.0 0
1657.0 0
1658.0 0
1659.0 0
1660.0 0
1661.0 0
1662.0 0
1663.0 0
1664.0 0
1665.0 0
1666.0 0
1667.0 0
1668.0 0
1669.0 0
1670.0 0
1671.0 0
1672.0 0
1673.0 0
1674.0 0
1675.0 0
1676.0 0
1677.0 0
1678.0 0
1679.0 0
1680.0 0
1681.0 0
1682.0 0
1683.0 0
1684.0 0
1685.0 0
1686.0 0
1687.0 0
1688.0 0
1689.0 0
1690.0 0
1691.0 0
1692.0 0
1693.0 0
1694.0 0
1695.0 0
1696.0 0
1697.0 0
1698.0 0
1699.0 0
1700.0 0
1701.0 0
1702.0 0
1703.0 0
1704.0 0
1705.0 0
1706.0 0
1707.0 0
1708.0 0
1709.0 0
1710.0 0
1711.0 0
1712.0 0
1713.0 0
1714.0 0
1715.0 0
1716.0 0
1717.0 0
1718.0 0
1719.0 0
1720.0 0
1721.0 0
1722.0 0
1723.0 0
1724.0 1
1725.0 0
