0.0 37
1.0 40
2.0 41
3.0 54
4.0 56
5.0 49
6.0 66
7.0 58
8.0 48
9.0 51
10.0 59
11.0 72
12.0 80
13.0 75
14.0 66
15.0 73
16.0 93
17.0 78
18.0 92
19.0 107
20.0 107
21.0 114
22.0 117
23.0 97
24.0 106
25.0 110
26.0 101
27.0 101
28.0 84
29.0 81
30.0 99
31.0 76
32.0 80
33.0 71
34.0 100
35.0 73
36.0 74
37.0 74
38.0 86
39.0 78
40.0 64
41.0 72
42.0 77
43.0 78
44.0 80
45.0 74
46.0 64
47.0 64
48.0 73
49.0 73
50.0 84
51.0 68
52.0 81
53.0 74
54.0 65
55.0 69
56.0 78
57.0 57
58.0 72
59.0 62
60.0 59
61.0 71
62.0 62
63.0 53
64.0 58
65.0 47
66.0 67
67.0 65
68.0 68
69.0 73
70.0 75
71.0 68
72.0 65
73.0 79
74.0 68
75.0 88
76.0 77
77.0 96
78.0 102
79.0 93
80.0 106
81.0 82
82.0 101
83.0 94
84.0 109
85.0 100
86.0 131
87.0 103
88.0 109
89.0 128
90.0 101
91.0 131
92.0 139
93.0 137
94.0 146
95.0 149
96.0 134
97.0 155
98.0 138
99.0 152
100.0 118
101.0 156
102.0 143
103.0 166
104.0 158
105.0 138
106.0 164
107.0 152
108.0 138
109.0 146
110.0 149
111.0 129
112.0 144
113.0 169
114.0 168
115.0 126
116.0 144
117.0 170
118.0 126
119.0 148
120.0 132
121.0 136
122.0 139
123.0 142
124.0 127
125.0 146
126.0 140
127.0 129
128.0 136
129.0 141
130.0 140
131.0 107
132.0 128
133.0 132
134.0 124
135.0 123
136.0 128
137.0 103
138.0 111
139.0 88
140.0 96
141.0 103
142.0 90
143.0 96
144.0 105
145.0 100
146.0 100
147.0 75
148.0 88
149.0 117
150.0 93
151.0 82
152.0 86
153.0 93
154.0 87
155.0 73
156.0 80
157.0 73
158.0 79
159.0 92
160.0 77
161.0 78
162.0 81
163.0 82
164.0 87
165.0 55
166.0 81
167.0 69
168.0 74
169.0 72
170.0 61
171.0 58
172.0 70
173.0 77
174.0 72
175.0 68
176.0 63
177.0 61
178.0 53
179.0 51
180.0 45
181.0 61
182.0 48
183.0 55
184.0 60
185.0 46
186.0 56
187.0 63
188.0 32
189.0 53
190.0 58
191.0 35
192.0 36
193.0 35
194.0 56
195.0 59
196.0 48
197.0 49
198.0 38
199.0 50
200.0 37
201.0 41
202.0 35
203.0 41
204.0 39
205.0 39
206.0 40
207.0 35
208.0 28
209.0 36
210.0 43
211.0 34
212.0 46
213.0 45
214.0 38
215.0 22
216.0 40
217.0 39
218.0 34
219.0 32
220.0 35
221.0 34
222.0 24
223.0 28
224.0 20
225.0 33
226.0 23
227.0 24
228.0 30
229.0 31
230.0 27
231.0 26
232.0 22
233.0 29
234.0 29
235.0 30
236.0 22
237.0 28
238.0 32
239.0 20
240.0 16
241.0 26
242.0 34
243.0 22
244.0 17
245.0 24
246.0 17
247.0 25
248.0 23
249.0 16
250.0 23
251.0 14
252.0 20
253.0 19
254.0 19
255.0 15
256.0 21
257.0 11
258.0 22
259.0 14
260.0 19
261.0 18
262.0 26
263.0 24
264.0 17
265.0 21
266.0 18
267.0 24
268.0 22
269.0 38
270.0 18
271.0 13
272.0 22
273.0 18
274.0 17
275.0 19
276.0 15
277.0 12
278.0 16
279.0 13
280.0 21
281.0 21
282.0 13
283.0 16
284.0 15
285.0 11
286.0 16
287.0 18
288.0 16
289.0 9
290.0 11
291.0 11
292.0 9
293.0 14
294.0 13
295.0 13
296.0 11
297.0 11
298.0 10
299.0 16
300.0 14
301.0 8
302.0 11
303.0 15
304.0 12
305.0 16
306.0 9
307.0 13
308.0 14
309.0 9
310.0 8
311.0 7
312.0 11
313.0 13
314.0 17
315.0 9
316.0 13
317.0 12
318.0 11
319.0 11
320.0 11
321.0 10
322.0 20
323.0 11
324.0 13
325.0 7
326.0 11
327.0 10
328.0 8
329.0 12
330.0 10
331.0 11
332.0 12
333.0 9
334.0 14
335.0 11
336.0 7
337.0 10
338.0 8
339.0 18
340.0 11
341.0 9
342.0 12
343.0 8
344.0 5
345.0 13
346.0 11
347.0 9
348.0 11
349.0 9
350.0 16
351.0 5
352.0 10
353.0 6
354.0 11
355.0 8
356.0 10
357.0 6
358.0 7
359.0 7
360.0 6
361.0 12
362.0 8
363.0 9
364.0 12
365.0 8
366.0 9
367.0 13
368.0 6
369.0 7
370.0 6
371.0 9
372.0 9
373.0 7
374.0 14
375.0 6
376.0 5
377.0 5
378.0 11
379.0 8
380.0 7
381.0 7
382.0 12
383.0 6
384.0 4
385.0 10
386.0 9
387.0 12
388.0 6
389.0 7
390.0 5
391.0 5
392.0 9
393.0 8
394.0 10
395.0 12
396.0 9
397.0 7
398.0 6
399.0 6
400.0 8
401.0 3
402.0 8
403.0 6
404.0 8
405.0 8
406.0 6
407.0 6
408.0 6
409.0 5
410.0 8
411.0 8
412.0 6
413.0 4
414.0 3
415.0 6
416.0 5
417.0 8
418.0 12
419.0 3
420.0 6
421.0 7
422.0 5
423.0 5
424.0 7
425.0 8
426.0 8
427.0 5
428.0 2
429.0 7
430.0 5
431.0 9
432.0 8
433.0 5
434.0 7
435.0 7
436.0 7
437.0 10
438.0 6
439.0 5
440.0 7
441.0 6
442.0 7
443.0 6
444.0 4
445.0 6
446.0 3
447.0 1
448.0 10
449.0 3
450.0 6
451.0 4
452.0 4
453.0 2
454.0 3
455.0 4
456.0 5
457.0 4
458.0 4
459.0 7
460.0 3
461.0 6
462.0 8
463.0 8
464.0 7
465.0 2
466.0 4
467.0 3
468.0 6
469.0 6
470.0 3
471.0 6
472.0 2
473.0 3
474.0 6
475.0 4
476.0 6
477.0 3
478.0 3
479.0 6
480.0 2
481.0 8
482.0 3
483.0 2
484.0 2
485.0 2
486.0 4
487.0 5
488.0 7
489.0 3
490.0 3
491.0 9
492.0 7
493.0 2
494.0 2
495.0 2
496.0 4
497.0 3
498.0 2
499.0 3
500.0 3
501.0 5
502.0 1
503.0 1
504.0 4
505.0 1
506.0 8
507.0 7
508.0 1
509.0 3
510.0 4
511.0 5
512.0 5
513.0 0
514.0 3
515.0 2
516.0 2
517.0 2
518.0 5
519.0 3
520.0 4
521.0 1
522.0 8
523.0 3
524.0 4
525.0 5
526.0 1
527.0 2
528.0 6
529.0 3
530.0 3
531.0 4
532.0 4
533.0 1
534.0 2
535.0 2
536.0 2
537.0 2
538.0 4
539.0 2
540.0 6
541.0 5
542.0 2
543.0 3
544.0 3
545.0 0
546.0 0
547.0 2
548.0 0
549.0 3
550.0 1
551.0 3
552.0 4
553.0 4
554.0 1
555.0 6
556.0 0
557.0 3
558.0 3
559.0 4
560.0 3
561.0 2
562.0 2
563.0 3
564.0 2
565.0 4
566.0 1
567.0 4
568.0 5
569.0 3
570.0 4
571.0 3
572.0 5
573.0 3
574.0 0
575.0 2
576.0 5
577.0 4
578.0 4
579.0 6
580.0 0
581.0 4
582.0 3
583.0 1
584.0 2
585.0 2
586.0 1
587.0 0
588.0 4
589.0 1
590.0 4
591.0 1
592.0 0
593.0 4
594.0 5
595.0 2
596.0 2
597.0 2
598.0 0
599.0 1
600.0 0
601.0 2
602.0 3
603.0 3
604.0 1
605.0 1
606.0 1
607.0 0
608.0 1
609.0 2
610.0 2
611.0 2
612.0 2
613.0 1
614.0 2
615.0 1
616.0 1
617.0 1
618.0 2
619.0 1
620.0 0
621.0 1
622.0 1
623.0 1
624.0 2
625.0 0
626.0 1
627.0 2
628.0 0
629.0 0
630.0 2
631.0 2
632.0 1
633.0 0
634.0 0
635.0 2
636.0 0
637.0 2
638.0 1
639.0 1
640.0 0
641.0 2
642.0 0
643.0 1
644.0 1
645.0 3
646.0 0
647.0 3
648.0 3
649.0 2
650.0 2
651.0 2
652.0 1
653.0 2
654.0 1
655.0 0
656.0 2
657.0 1
658.0 2
659.0 1
660.0 1
661.0 0
662.0 1
663.0 2
664.0 4
665.0 0
666.0 0
667.0 1
668.0 0
669.0 1
670.0 1
671.0 2
672.0 1
673.0 0
674.0 1
675.0 0
676.0 1
677.0 2
678.0 0
679.0 0
680.0 2
681.0 2
682.0 1
683.0 0
684.0 0
685.0 2
686.0 0
687.0 0
688.0 1
689.0 1
690.0 1
691.0 1
692.0 1
693.0 3
694.0 1
695.0 0
696.0 0
697.0 1
698.0 0
699.0 2
700.0 0
701.0 1
702.0 1
703.0 0
704.0 1
705.0 2
706.0 1
707.0 3
708.0 2
709.0 0
710.0 0
711.0 1
712.0 1
713.0 1
714.0 0
715.0 2
716.0 0
717.0 0
718.0 0
719.0 2
720.0 0
721.0 1
722.0 0
723.0 1
724.0 4
725.0 0
726.0 0
727.0 0
728.0 0
729.0 1
730.0 1
731.0 0
732.0 0
733.0 0
734.0 0
735.0 0
736.0 1
737.0 0
738.0 2
739.0 0
740.0 1
741.0 1
742.0 1
743.0 0
744.0 0
745.0 0
746.0 1
747.0 2
748.0 0
749.0 1
750.0 1
751.0 1
752.0 4
753.0 1
754.0 0
755.0 1
756.0 1
757.0 1
758.0 2
759.0 1
760.0 2
761.0 0
762.0 1
763.0 0
764.0 3
765.0 2
766.0 1
767.0 1
768.0 0
769.0 2
770.0 0
771.0 1
772.0 1
773.0 0
774.0 0
775.0 2
776.0 0
777.0 1
778.0 1
779.0 0
780.0 1
781.0 1
782.0 1
783.0 1
784.0 0
785.0 0
786.0 1
787.0 1
788.0 0
789.0 1
790.0 0
791.0 0
792.0 2
793.0 1
794.0 0
795.0 0
796.0 1
797.0 0
798.0 0
799.0 0
800.0 0
801.0 1
802.0 2
803.0 0
804.0 1
805.0 0
806.0 0
807.0 0
808.0 0
809.0 0
810.0 1
811.0 2
812.0 0
813.0 0
814.0 0
815.0 0
816.0 0
817.0 0
818.0 0
819.0 1
820.0 0
821.0 1
822.0 1
823.0 0
824.0 0
825.0 1
826.0 0
827.0 0
828.0 0
829.0 0
830.0 0
831.0 2
832.0 1
833.0 0
834.0 0
835.0 1
836.0 0
837.0 1
838.0 0
839.0 1
840.0 0
841.0 0
842.0 0
843.0 0
844.0 1
845.0 0
846.0 1
847.0 0
848.0 1
849.0 0
850.0 1
851.0 0
852.0 4
853.0 1
854.0 0
855.0 0
856.0 0
857.0 1
858.0 0
859.0 1
860.0 0
861.0 0
862.0 0
863.0 0
864.0 2
865.0 1
866.0 3
867.0 2
868.0 1
869.0 0
870.0 1
871.0 0
872.0 1
873.0 0
874.0 0
875.0 2
876.0 0
877.0 0
878.0 0
879.0 0
880.0 0
881.0 0
882.0 0
883.0 0
884.0 1
885.0 1
886.0 0
887.0 1
888.0 1
889.0 1
890.0 0
891.0 0
892.0 0
893.0 1
894.0 0
895.0 0
896.0 0
897.0 0
898.0 0
899.0 0
900.0 0
901.0 0
902.0 2
903.0 0
904.0 0
905.0 0
906.0 0
907.0 1
908.0 0
909.0 1
910.0 2
911.0 1
912.0 1
913.0 0
914.0 1
915.0 1
916.0 0
917.0 0
918.0 2
919.0 0
920.0 0
921.0 2
922.0 0
923.0 1
924.0 1
925.0 1
926.0 0
927.0 0
928.0 0
929.0 1
930.0 0
931.0 0
932.0 0
933.0 0
934.0 0
935.0 0
936.0 0
937.0 0
938.0 0
939.0 0
940.0 2
941.0 0
942.0 0
943.0 0
944.0 0
945.0 0
946.0 0
947.0 0
948.0 0
949.0 0
950.0 0
951.0 0
952.0 0
953.0 0
954.0 0
955.0 0
956.0 1
957.0 0
958.0 1
959.0 0
960.0 0
961.0 0
962.0 0
963.0 1
964.0 0
965.0 1
966.0 0
967.0 1
968.0 0
969.0 0
970.0 0
971.0 0
972.0 0
973.0 0
974.0 1
975.0 0
976.0 0
977.0 0
978.0 1
979.0 0
980.0 2
981.0 0
982.0 0
983.0 0
984.0 0
985.0 0
986.0 0
987.0 2
988.0 0
989.0 0
990.0 0
991.0 1
992.0 0
993.0 0
994.0 0
995.0 0
996.0 0
997.0 0
998.0 0
999.0 1
1000.0 0
1001.0 0
1002.0 0
1003.0 0
1004.0 1
1005.0 0
1006.0 0
1007.0 0
1008.0 2
1009.0 0
1010.0 0
1011.0 0
1012.0 0
1013.0 0
1014.0 0
1015.0 0
1016.0 0
1017.0 0
1018.0 1
1019.0 1
1020.0 0
1021.0 0
1022.0 1
1023.0 0
1024.0 1
1025.0 0
1026.0 0
1027.0 1
1028.0 0
1029.0 0
1030.0 0
1031.0 1
1032.0 0
1033.0 0
1034.0 0
1035.0 0
1036.0 0
1037.0 0
1038.0 0
1039.0 1
1040.0 0
1041.0 0
1042.0 0
1043.0 0
1044.0 0
1045.0 1
1046.0 0
1047.0 0
1048.0 0
1049.0 0
1050.0 0
1051.0 0
1052.0 0
1053.0 0
1054.0 0
1055.0 0
1056.0 0
1057.0 0
1058.0 1
1059.0 0
1060.0 0
1061.0 0
1062.0 0
1063.0 0
1064.0 0
1065.0 0
1066.0 1
1067.0 0
1068.0 0
1069.0 0
1070.0 0
1071.0 0
1072.0 0
1073.0 0
1074.0 0
1075.0 0
1076.0 0
1077.0 0
1078.0 0
1079.0 0
1080.0 0
1081.0 0
1082.0 0
1083.0 0
1084.0 1
1085.0 0
1086.0 0
1087.0 0
1088.0 0
1089.0 0
1090.0 1
1091.0 0
1092.0 0
1093.0 0
1094.0 1
1095.0 0
1096.0 0
1097.0 0
1098.0 0
1099.0 0
1100.0 0
1101.0 1
1102.0 0
1103.0 0
1104.0 0
1105.0 0
1106.0 0
1107.0 0
1108.0 0
1109.0 0
1110.0 0
1111.0 0
1112.0 0
1113.0 0
1114.0 0
1115.0 0
1116.0 0
1117.0 1
1118.0 0
1119.0 0
1120.0 0
1121.0 0
1122.0 0
1123.0 0
1124.0 0
1125.0 0
1126.0 0
1127.0 0
1128.0 0
1129.0 2
1130.0 0
1131.0 0
1132.0 0
1133.0 0
1134.0 0
1135.0 0
1136.0 0
1137.0 0
1138.0 0
1139.0 0
1140.0 0
1141.0 0
1142.0 0
1143.0 0
1144.0 0
1145.0 1
1146.0 0
1147.0 1
1148.0 0
1149.0 0
1150.0 0
1151.0 0
1152.0 0
1153.0 0
1154.0 0
1155.0 0
1156.0 0
1157.0 0
1158.0 0
1159.0 0
1160.0 0
1161.0 0
1162.0 1
1163.0 1
1164.0 0
1165.0 0
1166.0 0
1167.0 0
1168.0 0
1169.0 1
1170.0 0
1171.0 0
1172.0 0
1173.0 0
1174.0 0
1175.0 0
1176.0 0
1177.0 0
1178.0 0
1179.0 0
1180.0 0
1181.0 0
1182.0 0
1183.0 0
1184.0 0
1185.0 1
1186.0 0
1187.0 0
1188.0 0
1189.0 0
1190.0 0
1191.0 0
1192.0 0
1193.0 0
1194.0 0
1195.0 0
1196.0 0
1197.0 0
1198.0 0
1199.0 0
1200.0 0
1201.0 0
1202.0 1
1203.0 0
1204.0 0
1205.0 0
1206.0 0
1207.0 0
1208.0 0
1209.0 0
1210.0 0
1211.0 0
1212.0 0
1213.0 0
1214.0 0
1215.0 0
1216.0 0
1217.0 2
1218.0 0
1219.0 0
1220.0 0
1221.0 1
1222.0 0
1223.0 0
1224.0 0
1225.0 0
1226.0 0
1227.0 0
1228.0 0
1229.0 0
1230.0 1
1231.0 0
1232.0 0
1233.0 0
1234.0 0
1235.0 0
1236.0 0
1237.0 1
1238.0 0
1239.0 0
1240.0 0
1241.0 0
1242.0 0
1243.0 0
1244.0 0
1245.0 0
1246.0 0
1247.0 0
1248.0 0
1249.0 0
1250.0 0
1251.0 0
1252.0 0
1253.0 0
1254.0 1
1255.0 0
1256.0 0
1257.0 0
1258.0 0
1259.0 0
1260.0 0
1261.0 0
1262.0 0
1263.0 0
1264.0 1
1265.0 0
1266.0 0
1267.0 0
1268.0 0
1269.0 0
1270.0 0
1271.0 0
1272.0 1
1273.0 0
1274.0 0
1275.0 0
1276.0 0
1277.0 0
1278.0 0
1279.0 0
1280.0 0
1281.0 0
1282.0 0
1283.0 0
1284.0 0
1285.0 0
1286.0 0
1287.0 0
1288.0 0
1289.0 0
1290.0 0
1291.0 0
1292.0 0
1293.0 0
1294.0 0
1295.0 0
1296.0 0
1297.0 1
1298.0 0
1299.0 0
1300.0 0
1301.0 0
1302.0 0
1303.0 0
1304.0 1
1305.0 0
1306.0 0
1307.0 0
1308.0 0
1309.0 0
1310.0 0
1311.0 0
1312.0 0
1313.0 0
1314.0 0
1315.0 1
1316.0 0
1317.0 0
1318.0 0
1319.0 0
1320.0 0
1321.0 0
1322.0 0
1323.0 0
1324.0 0
1325.0 0
1326.0 0
1327.0 0
1328.0 0
1329.0 0
1330.0 0
1331.0 0
1332.0 0
1333.0 0
1334.0 0
1335.0 0
1336.0 0
1337.0 0
1338.0 0
1339.0 0
1340.0 0
1341.0 0
1342.0 0
1343.0 0
1344.0 0
1345.0 0
1346.0 0
1347.0 0
1348.0 0
1349.0 0
1350.0 0
1351.0 0
1352.0 0
1353.0 0
1354.0 1
1355.0 0
1356.0 0
1357.0 0
1358.0 0
1359.0 1
1360.0 0
1361.0 0
1362.0 0
1363.0 0
1364.0 0
1365.0 0
1366.0 0
1367.0 0
1368.0 0
1369.0 0
1370.0 0
1371.0 0
1372.0 0
1373.0 0
1374.0 0
1375.0 0
1376.0 0
1377.0 0
1378.0 1
1379.0 0
1380.0 0
1381.0 0
1382.0 0
1383.0 0
1384.0 0
1385.0 0
1386.0 0
1387.0 0
1388.0 0
1389.0 0
1390.0 0
1391.0 0
1392.0 0
1393.0 0
1394.0 0
1395.0 1
1396.0 0
1397.0 0
1398.0 0
1399.0 0
1400.0 0
1401.0 0
1402.0 0
1403.0 0
1404.0 0
1405.0 0
1406.0 0
1407.0 0
1408.0 0
1409.0 0
1410.0 0
1411.0 0
1412.0 0
1413.0 0
1414.0 0
1415.0 0
1416.0 0
1417.0 0
1418.0 0
1419.0 0
1420.0 0
1421.0 0
1422.0 0
1423.0 0
1424.0 0
1425.0 0
1426.0 0
1427.0 0
1428.0 0
1429.0 0
1430.0 1
1431.0 0
1432.0 0
1433.0 0
1434.0 0
1435.0 0
1436.0 0
1437.0 0
1438.0 0
1439.0 0
1440.0 0
1441.0 0
1442.0 0
1443.0 0
1444.0 0
1445.0 0
1446.0 0
1447.0 0
1448.0 1
1449.0 0
1450.0 0
1451.0 0
1452.0 0
1453.0 0
1454.0 0
1455.0 0
1456.0 0
1457.0 0
1458.0 0
1459.0 0
1460.0 0
1461.0 0
1462.0 0
1463.0 0
1464.0 0
1465.0 0
1466.0 0
1467.0 0
1468.0 0
1469.0 0
1470.0 0
1471.0 0
1472.0 0
1473.0 0
1474.0 0
1475.0 0
1476.0 0
1477.0 0
1478.0 0
1479.0 0
1480.0 0
1481.0 0
1482.0 0
1483.0 0
1484.0 0
1485.0 0
1486.0 0
1487.0 0
1488.0 0
1489.0 0
1490.0 0
1491.0 0
1492.0 0
1493.0 0
1494.0 0
1495.0 0
1496.0 0
1497.0 0
1498.0 0
1499.0 0
1500.0 0
1501.0 0
1502.0 0
1503.0 0
1504.0 0
1505.0 0
1506.0 0
1507.0 0
1508.0 0
1509.0 0
1510.0 0
1511.0 0
1512.0 1
1513.0 0
1514.0 0
1515.0 0
1516.0 0
1517.0 0
1518.0 0
1519.0 0
1520.0 0
1521.0 0
1522.0 0
1523.0 0
1524.0 0
1525.0 0
1526.0 0
1527.0 0
1528.0 0
1529.0 0
1530.0 0
1531.0 0
1532.0 0
1533.0 0
1534.0 0
1535.0 0
1536.0 0
1537.0 0
1538.0 0
1539.0 0
1540.0 0
1541.0 0
1542.0 0
1543.0 0
1544.0 0
1545.0 0
1546.0 0
1547.0 0
1548.0 0
1549.0 0
1550.0 0
1551.0 0
1552.0 0
1553.0 0
1554.0 0
1555.0 0
1556.0 0
1557.0 0
1558.0 0
1559.0 0
1560.0 0
1561.0 0
1562.0 0
1563.0 0
1564.0 0
1565.0 0
1566.0 0
1567.0 0
1568.0 0
1569.0 0
1570.0 0
1571.0 0
1572.0 0
1573.0 0
1574.0 0
1575.0 0
1576.0 0
1577.0 0
1578.0 0
1579.0 0
1580.0 0
1581.0 0
1582.0 0
1583.0 0
1584.0 0
1585.0 0
1586.0 0
1587.0 0
1588.0 0
1589.0 0
1590.0 0
1591.0 0
1592.0 0
1593.0 0
1594.0 0
1595.0 0
1596.0 0
1597.0 0
1598.0 0
1599.0 0
1600.0 0
1601.0 0
1602.0 0
1603.0 0
1604.0 0
1605.0 0
1606.0 1
1607.0 0
1608.0 0
1609.0 0
1610.0 0
1611.0 0
1612.0 0
1613.0 0
1614.0 0
1615.0 0
1616.0 0
1617.0 0
1618.0 0
1619.0 0
1620.0 0
1621.0 0
1622.0 0
1623.0 0
1624.0 0
1625.0 0
1626.0 0
1627.0 0
1628.0 0
1629.0 0
1630.0 0
1631.0 0
1632.0 0
1633.0 0
1634.0 0
1635.0 1
1636.0 0
1637.0 0
1638.0 0
1639.0 0
1640.0 0
1641.0 0
1642.0 0
1643.0 0
1644.0 0
1645.0 0
1646.0 0
1647.0 0
1648.0 0
1649.0 0
1650.0 0
1651.0 0
1652.0 0
1653.0 0
1654.0 0
1655.0 0
1656.0 0
1657.0 0
1658.0 0
1659.0 0
1660.0 0
1661.0 0
1662.0 0
1663.0 0
1664.0 0
1665.0 0
1666.0 0
1667.0 0
1668.0 0
1669.0 0
1670.0 0
1671.0 0
1672.0 0
1673.0 0
1674.0 0
1675.0 0
1676.0 0
1677.0 0
1678.0 0
1679.0 0
1680.0 0
1681.0 0
1682.0 0
1683.0 0
1684.0 0
1685.0 0
1686.0 0
1687.0 0
1688.0 0
1689.0 0
1690.0 0
1691.0 0
1692.0 0
1693.0 0
1694.0 0
1695.0 0
1696.0 0
1697.0 0
1698.0 0
1699.0 0
1700.0 0
1701.0 0
1702.0 0
1703.0 0
1704.0 0
1705.0 0
1706.0 0
1707.0 0
1708.0 0
1709.0 0
1710.0 0
1711.0 0
1712.0 0
1713.0 0
1714.0 0
1715.0 0
1716.0 0
1717.0 0
1718.0 0
1719.0 0
1720.0 0
1721.0 0
1722.0 0
1723.0 0
1724.0 0
1725.0 0
1726.0 0
1727.0 0
1728.0 0
1729.0 0
1730.0 0
1731.0 0
1732.0 0
1733.0 0
1734.0 0
1735.0 0
1736.0 0
1737.0 0
1738.0 0
1739.0 0
1740.0 0
1741.0 0
1742.0 0
1743.0 0
1744.0 0
1745.0 0
1746.0 0
1747.0 0
1748.0 0
1749.0 0
1750.0 0
1751.0 0
1752.0 0
1753.0 0
1754.0 0
1755.0 0
1756.0 0
1757.0 0
1758.0 0
1759.0 0
1760.0 0
1761.0 0
1762.0 0
1763.0 0
1764.0 0
1765.0 0
1766.0 0
1767.0 0
1768.0 0
1769.0 0
1770.0 0
1771.0 0
1772.0 0
1773.0 0
1774.0 0
1775.0 0
1776.0 0
1777.0 0
1778.0 0
1779.0 0
1780.0 0
1781.0 0
1782.0 0
1783.0 0
1784.0 0
1785.0 0
1786.0 0
1787.0 0
1788.0 0
1789.0 0
1790.0 0
1791.0 0
1792.0 0
1793.0 0
1794.0 0
1795.0 0
1796.0 0
1797.0 0
1798.0 0
1799.0 0
1800.0 0
1801.0 0
1802.0 0
1803.0 0
1804.0 0
1805.0 0
1806.0 0
1807.0 0
1808.0 0
1809.0 0
1810.0 0
1811.0 1
1812.0 0
1813.0 0
1814.0 0
1815.0 0
1816.0 0
1817.0 0
1818.0 0
1819.0 0
1820.0 0
1821.0 0
1822.0 0
1823.0 0
1824.0 0
1825.0 0
1826.0 0
1827.0 0
1828.0 0
1829.0 0
1830.0 0
1831.0 1
1832.0 0
