0.0 216
1.0 235
2.0 268
3.0 305
4.0 289
5.0 330
6.0 362
7.0 405
8.0 383
9.0 376
10.0 403
11.0 437
12.0 426
13.0 392
14.0 413
15.0 456
16.0 452
17.0 511
18.0 531
19.0 534
20.0 550
21.0 627
22.0 656
23.0 649
24.0 658
25.0 663
26.0 618
27.0 620
28.0 583
29.0 583
30.0 576
31.0 613
32.0 540
33.0 515
34.0 531
35.0 523
36.0 510
37.0 482
38.0 520
39.0 505
40.0 503
41.0 468
42.0 512
43.0 466
44.0 449
45.0 454
46.0 466
47.0 473
48.0 477
49.0 403
50.0 450
51.0 444
52.0 443
53.0 465
54.0 410
55.0 459
56.0 430
57.0 389
58.0 419
59.0 408
60.0 449
61.0 418
62.0 428
63.0 411
64.0 362
65.0 404
66.0 371
67.0 395
68.0 432
69.0 422
70.0 421
71.0 424
72.0 440
73.0 465
74.0 478
75.0 461
76.0 534
77.0 519
78.0 564
79.0 557
80.0 588
81.0 619
82.0 597
83.0 580
84.0 631
85.0 659
86.0 637
87.0 705
88.0 683
89.0 746
90.0 764
91.0 779
92.0 785
93.0 832
94.0 826
95.0 860
96.0 867
97.0 857
98.0 859
99.0 912
100.0 881
101.0 946
102.0 922
103.0 961
104.0 945
105.0 944
106.0 920
107.0 943
108.0 904
109.0 930
110.0 995
111.0 870
112.0 866
113.0 930
114.0 958
115.0 922
116.0 893
117.0 881
118.0 922
119.0 859
120.0 860
121.0 897
122.0 897
123.0 857
124.0 855
125.0 887
126.0 851
127.0 804
128.0 759
129.0 796
130.0 776
131.0 733
132.0 812
133.0 743
134.0 696
135.0 731
136.0 743
137.0 672
138.0 683
139.0 655
140.0 693
141.0 620
142.0 647
143.0 637
144.0 636
145.0 591
146.0 592
147.0 603
148.0 586
149.0 552
150.0 589
151.0 583
152.0 538
153.0 583
154.0 559
155.0 556
156.0 543
157.0 504
158.0 511
159.0 493
160.0 469
161.0 461
162.0 491
163.0 452
164.0 473
165.0 468
166.0 468
167.0 447
168.0 441
169.0 406
170.0 406
171.0 405
172.0 409
173.0 400
174.0 403
175.0 377
176.0 416
177.0 377
178.0 378
179.0 369
180.0 362
181.0 365
182.0 334
183.0 348
184.0 338
185.0 375
186.0 321
187.0 330
188.0 310
189.0 308
190.0 304
191.0 278
192.0 315
193.0 280
194.0 269
195.0 285
196.0 269
197.0 258
198.0 288
199.0 272
200.0 246
201.0 259
202.0 251
203.0 239
204.0 260
205.0 252
206.0 235
207.0 217
208.0 204
209.0 215
210.0 214
211.0 223
212.0 212
213.0 211
214.0 192
215.0 214
216.0 192
217.0 194
218.0 206
219.0 185
220.0 196
221.0 199
222.0 189
223.0 201
224.0 187
225.0 183
226.0 165
227.0 189
228.0 170
229.0 175
230.0 177
231.0 145
232.0 156
233.0 156
234.0 164
235.0 151
236.0 142
237.0 154
238.0 139
239.0 129
240.0 152
241.0 172
242.0 135
243.0 143
244.0 126
245.0 158
246.0 140
247.0 135
248.0 150
249.0 137
250.0 148
251.0 153
252.0 139
253.0 132
254.0 132
255.0 143
256.0 131
257.0 137
258.0 131
259.0 127
260.0 142
261.0 118
262.0 116
263.0 133
264.0 133
265.0 115
266.0 127
267.0 126
268.0 120
269.0 116
270.0 112
271.0 121
272.0 122
273.0 101
274.0 112
275.0 124
276.0 119
277.0 109
278.0 116
279.0 100
280.0 120
281.0 98
282.0 103
283.0 100
284.0 102
285.0 114
286.0 88
287.0 111
288.0 97
289.0 89
290.0 103
291.0 81
292.0 91
293.0 87
294.0 95
295.0 80
296.0 103
297.0 83
298.0 94
299.0 99
300.0 100
301.0 106
302.0 86
303.0 90
304.0 87
305.0 95
306.0 92
307.0 95
308.0 80
309.0 85
310.0 93
311.0 78
312.0 94
313.0 71
314.0 69
315.0 73
316.0 73
317.0 92
318.0 89
319.0 70
320.0 98
321.0 71
322.0 68
323.0 78
324.0 70
325.0 68
326.0 72
327.0 77
328.0 73
329.0 73
330.0 80
331.0 66
332.0 69
333.0 75
334.0 78
335.0 70
336.0 51
337.0 60
338.0 67
339.0 63
340.0 72
341.0 69
342.0 73
343.0 57
344.0 88
345.0 63
346.0 67
347.0 66
348.0 64
349.0 63
350.0 68
351.0 58
352.0 46
353.0 50
354.0 53
355.0 53
356.0 59
357.0 63
358.0 61
359.0 67
360.0 48
361.0 62
362.0 51
363.0 61
364.0 50
365.0 58
366.0 76
367.0 49
368.0 60
369.0 55
370.0 62
371.0 54
372.0 53
373.0 58
374.0 45
375.0 52
376.0 51
377.0 58
378.0 46
379.0 54
380.0 50
381.0 52
382.0 47
383.0 46
384.0 44
385.0 49
386.0 59
387.0 33
388.0 53
389.0 44
390.0 42
391.0 50
392.0 42
393.0 43
394.0 48
395.0 49
396.0 48
397.0 47
398.0 45
399.0 48
400.0 53
401.0 48
402.0 46
403.0 49
404.0 48
405.0 33
406.0 40
407.0 47
408.0 47
409.0 53
410.0 40
411.0 34
412.0 37
413.0 38
414.0 40
415.0 35
416.0 36
417.0 27
418.0 31
419.0 41
420.0 31
421.0 34
422.0 38
423.0 39
424.0 45
425.0 34
426.0 40
427.0 30
428.0 34
429.0 42
430.0 31
431.0 40
432.0 33
433.0 41
434.0 29
435.0 40
436.0 28
437.0 28
438.0 28
439.0 32
440.0 28
441.0 44
442.0 28
443.0 28
444.0 21
445.0 31
446.0 39
447.0 41
448.0 31
449.0 26
450.0 30
451.0 39
452.0 28
453.0 23
454.0 27
455.0 33
456.0 27
457.0 26
458.0 25
459.0 33
460.0 33
461.0 32
462.0 15
463.0 28
464.0 26
465.0 24
466.0 34
467.0 27
468.0 24
469.0 22
470.0 31
471.0 32
472.0 27
473.0 40
474.0 23
475.0 29
476.0 27
477.0 23
478.0 22
479.0 24
480.0 26
481.0 35
482.0 25
483.0 32
484.0 28
485.0 22
486.0 23
487.0 17
488.0 23
489.0 23
490.0 26
491.0 33
492.0 16
493.0 21
494.0 30
495.0 30
496.0 18
497.0 25
498.0 15
499.0 16
500.0 22
501.0 17
502.0 15
503.0 19
504.0 25
505.0 24
506.0 17
507.0 26
508.0 17
509.0 17
510.0 24
511.0 15
512.0 20
513.0 21
514.0 16
515.0 17
516.0 20
517.0 15
518.0 8
519.0 30
520.0 18
521.0 24
522.0 20
523.0 21
524.0 26
525.0 16
526.0 14
527.0 20
528.0 22
529.0 20
530.0 15
531.0 18
532.0 21
533.0 14
534.0 19
535.0 14
536.0 16
537.0 19
538.0 17
539.0 15
540.0 21
541.0 20
542.0 19
543.0 10
544.0 21
545.0 26
546.0 13
547.0 17
548.0 14
549.0 23
550.0 17
551.0 21
552.0 16
553.0 24
554.0 17
555.0 20
556.0 9
557.0 10
558.0 21
559.0 11
560.0 13
561.0 15
562.0 6
563.0 11
564.0 13
565.0 11
566.0 15
567.0 9
568.0 22
569.0 20
570.0 15
571.0 12
572.0 16
573.0 14
574.0 17
575.0 12
576.0 15
577.0 14
578.0 19
579.0 12
580.0 10
581.0 18
582.0 11
583.0 16
584.0 14
585.0 11
586.0 16
587.0 16
588.0 16
589.0 14
590.0 14
591.0 10
592.0 6
593.0 12
594.0 10
595.0 17
596.0 9
597.0 10
598.0 14
599.0 10
600.0 13
601.0 12
602.0 11
603.0 6
604.0 15
605.0 18
606.0 16
607.0 14
608.0 12
609.0 13
610.0 16
611.0 11
612.0 14
613.0 11
614.0 8
615.0 10
616.0 11
617.0 10
618.0 17
619.0 10
620.0 10
621.0 8
622.0 15
623.0 14
624.0 12
625.0 8
626.0 15
627.0 17
628.0 8
629.0 9
630.0 9
631.0 6
632.0 12
633.0 15
634.0 14
635.0 11
636.0 15
637.0 6
638.0 18
639.0 6
640.0 7
641.0 10
642.0 7
643.0 10
644.0 12
645.0 8
646.0 8
647.0 10
648.0 10
649.0 9
650.0 11
651.0 9
652.0 8
653.0 6
654.0 10
655.0 7
656.0 5
657.0 6
658.0 9
659.0 5
660.0 9
661.0 9
662.0 6
663.0 10
664.0 8
665.0 11
666.0 15
667.0 15
668.0 12
669.0 7
670.0 13
671.0 9
672.0 6
673.0 6
674.0 12
675.0 9
676.0 6
677.0 10
678.0 8
679.0 11
680.0 8
681.0 9
682.0 4
683.0 4
684.0 7
685.0 2
686.0 3
687.0 9
688.0 8
689.0 9
690.0 5
691.0 7
692.0 5
693.0 7
694.0 8
695.0 8
696.0 6
697.0 10
698.0 7
699.0 8
700.0 7
701.0 6
702.0 8
703.0 9
704.0 8
705.0 6
706.0 6
707.0 8
708.0 5
709.0 9
710.0 2
711.0 6
712.0 11
713.0 5
714.0 5
715.0 7
716.0 8
717.0 8
718.0 11
719.0 9
720.0 5
721.0 6
722.0 11
723.0 6
724.0 4
725.0 8
726.0 8
727.0 7
728.0 4
729.0 5
730.0 4
731.0 3
732.0 4
733.0 8
734.0 6
735.0 4
736.0 4
737.0 7
738.0 13
739.0 3
740.0 7
741.0 3
742.0 7
743.0 7
744.0 4
745.0 6
746.0 7
747.0 4
748.0 8
749.0 3
750.0 6
751.0 7
752.0 3
753.0 3
754.0 4
755.0 2
756.0 9
757.0 3
758.0 10
759.0 4
760.0 6
761.0 3
762.0 7
763.0 3
764.0 7
765.0 3
766.0 7
767.0 5
768.0 6
769.0 1
770.0 11
771.0 8
772.0 5
773.0 8
774.0 6
775.0 4
776.0 4
777.0 3
778.0 3
779.0 7
780.0 4
781.0 6
782.0 6
783.0 4
784.0 5
785.0 3
786.0 7
787.0 4
788.0 3
789.0 3
790.0 5
791.0 8
792.0 4
793.0 4
794.0 3
795.0 4
796.0 5
797.0 4
798.0 3
799.0 5
800.0 3
801.0 4
802.0 3
803.0 5
804.0 7
805.0 4
806.0 1
807.0 5
808.0 7
809.0 6
810.0 3
811.0 6
812.0 3
813.0 5
814.0 2
815.0 2
816.0 5
817.0 0
818.0 2
819.0 5
820.0 4
821.0 10
822.0 3
823.0 5
824.0 1
825.0 4
826.0 7
827.0 5
828.0 6
829.0 5
830.0 4
831.0 5
832.0 2
833.0 1
834.0 4
835.0 1
836.0 3
837.0 2
838.0 2
839.0 4
840.0 6
841.0 3
842.0 0
843.0 4
844.0 4
845.0 2
846.0 2
847.0 2
848.0 6
849.0 5
850.0 4
851.0 1
852.0 7
853.0 4
854.0 6
855.0 3
856.0 6
857.0 7
858.0 3
859.0 4
860.0 1
861.0 1
862.0 4
863.0 7
864.0 3
865.0 5
866.0 1
867.0 4
868.0 6
869.0 4
870.0 4
871.0 3
872.0 4
873.0 1
874.0 0
875.0 2
876.0 1
877.0 3
878.0 5
879.0 1
880.0 1
881.0 0
882.0 3
883.0 1
884.0 3
885.0 3
886.0 1
887.0 2
888.0 5
889.0 0
890.0 6
891.0 4
892.0 7
893.0 1
894.0 1
895.0 1
896.0 3
897.0 3
898.0 4
899.0 3
900.0 3
901.0 1
902.0 2
903.0 1
904.0 1
905.0 2
906.0 2
907.0 2
908.0 1
909.0 2
910.0 1
911.0 1
912.0 3
913.0 2
914.0 2
915.0 4
916.0 2
917.0 3
918.0 4
919.0 2
920.0 2
921.0 1
922.0 3
923.0 0
924.0 2
925.0 1
926.0 4
927.0 3
928.0 4
929.0 7
930.0 1
931.0 4
932.0 4
933.0 1
934.0 3
935.0 2
936.0 1
937.0 1
938.0 2
939.0 3
940.0 2
941.0 2
942.0 1
943.0 1
944.0 4
945.0 4
946.0 0
947.0 5
948.0 4
949.0 3
950.0 1
951.0 0
952.0 2
953.0 3
954.0 3
955.0 4
956.0 1
957.0 2
958.0 1
959.0 2
960.0 0
961.0 2
962.0 1
963.0 2
964.0 2
965.0 2
966.0 1
967.0 2
968.0 1
969.0 2
970.0 1
971.0 4
972.0 5
973.0 2
974.0 2
975.0 1
976.0 2
977.0 2
978.0 2
979.0 3
980.0 1
981.0 5
982.0 2
983.0 3
984.0 2
985.0 0
986.0 2
987.0 1
988.0 3
989.0 2
990.0 2
991.0 3
992.0 5
993.0 1
994.0 1
995.0 3
996.0 2
997.0 1
998.0 0
999.0 1
1000.0 3
1001.0 1
1002.0 3
1003.0 3
1004.0 0
1005.0 2
1006.0 5
1007.0 1
1008.0 3
1009.0 2
1010.0 1
1011.0 0
1012.0 4
1013.0 1
1014.0 2
1015.0 1
1016.0 4
1017.0 2
1018.0 2
1019.0 2
1020.0 3
1021.0 0
1022.0 1
1023.0 0
1024.0 3
1025.0 2
1026.0 1
1027.0 0
1028.0 2
1029.0 0
1030.0 2
1031.0 2
1032.0 3
1033.0 1
1034.0 1
1035.0 1
1036.0 0
1037.0 0
1038.0 2
1039.0 0
1040.0 2
1041.0 3
1042.0 1
1043.0 2
1044.0 1
1045.0 1
1046.0 2
1047.0 1
1048.0 1
1049.0 0
1050.0 1
1051.0 0
1052.0 2
1053.0 2
1054.0 1
1055.0 1
1056.0 0
1057.0 3
1058.0 2
1059.0 1
1060.0 4
1061.0 1
1062.0 3
1063.0 0
1064.0 0
1065.0 1
1066.0 1
1067.0 1
1068.0 2
1069.0 0
1070.0 2
1071.0 2
1072.0 0
1073.0 2
1074.0 2
1075.0 1
1076.0 1
1077.0 1
1078.0 2
1079.0 0
1080.0 2
1081.0 3
1082.0 1
1083.0 2
1084.0 1
1085.0 1
1086.0 0
1087.0 1
1088.0 2
1089.0 1
1090.0 2
1091.0 0
1092.0 1
1093.0 1
1094.0 0
1095.0 1
1096.0 1
1097.0 1
1098.0 1
1099.0 1
1100.0 2
1101.0 0
1102.0 2
1103.0 2
1104.0 1
1105.0 0
1106.0 0
1107.0 0
1108.0 0
1109.0 0
1110.0 3
1111.0 2
1112.0 0
1113.0 1
1114.0 1
1115.0 0
1116.0 0
1117.0 1
1118.0 3
1119.0 0
1120.0 0
1121.0 0
1122.0 2
1123.0 2
1124.0 0
1125.0 1
1126.0 1
1127.0 0
1128.0 2
1129.0 1
1130.0 1
1131.0 1
1132.0 2
1133.0 2
1134.0 2
1135.0 1
1136.0 0
1137.0 0
1138.0 0
1139.0 0
1140.0 2
1141.0 0
1142.0 0
1143.0 3
1144.0 0
1145.0 0
1146.0 0
1147.0 2
1148.0 1
1149.0 0
1150.0 1
1151.0 3
1152.0 2
1153.0 0
1154.0 0
1155.0 1
1156.0 1
1157.0 1
1158.0 0
1159.0 0
1160.0 0
1161.0 1
1162.0 4
1163.0 0
1164.0 1
1165.0 1
1166.0 0
1167.0 1
1168.0 0
1169.0 0
1170.0 0
1171.0 0
1172.0 0
1173.0 3
1174.0 1
1175.0 0
1176.0 1
1177.0 1
1178.0 3
1179.0 0
1180.0 1
1181.0 0
1182.0 0
1183.0 0
1184.0 0
1185.0 0
1186.0 0
1187.0 0
1188.0 0
1189.0 1
1190.0 0
1191.0 0
1192.0 0
1193.0 1
1194.0 1
1195.0 1
1196.0 2
1197.0 1
1198.0 2
1199.0 0
1200.0 0
1201.0 0
1202.0 1
1203.0 0
1204.0 0
1205.0 0
1206.0 2
1207.0 1
1208.0 1
1209.0 0
1210.0 1
1211.0 0
1212.0 0
1213.0 2
1214.0 0
1215.0 1
1216.0 0
1217.0 1
1218.0 0
1219.0 0
1220.0 1
1221.0 0
1222.0 0
1223.0 0
1224.0 1
1225.0 0
1226.0 1
1227.0 0
1228.0 0
1229.0 1
1230.0 0
1231.0 0
1232.0 0
1233.0 0
1234.0 0
1235.0 0
1236.0 1
1237.0 1
1238.0 0
1239.0 0
1240.0 0
1241.0 0
1242.0 0
1243.0 1
1244.0 0
1245.0 1
1246.0 0
1247.0 3
1248.0 0
1249.0 1
1250.0 1
1251.0 0
1252.0 0
1253.0 2
1254.0 1
1255.0 0
1256.0 1
1257.0 0
1258.0 1
1259.0 0
1260.0 0
1261.0 0
1262.0 2
1263.0 0
1264.0 0
1265.0 0
1266.0 1
1267.0 0
1268.0 0
1269.0 0
1270.0 0
1271.0 0
1272.0 0
1273.0 0
1274.0 0
1275.0 0
1276.0 1
1277.0 0
1278.0 0
1279.0 2
1280.0 0
1281.0 0
1282.0 0
1283.0 0
1284.0 1
1285.0 1
1286.0 0
1287.0 0
1288.0 0
1289.0 1
1290.0 0
1291.0 0
1292.0 1
1293.0 0
1294.0 0
1295.0 1
1296.0 1
1297.0 1
1298.0 0
1299.0 0
1300.0 1
1301.0 0
1302.0 0
1303.0 0
1304.0 0
1305.0 0
1306.0 0
1307.0 0
1308.0 2
1309.0 0
1310.0 0
1311.0 1
1312.0 0
1313.0 0
1314.0 0
1315.0 1
1316.0 0
1317.0 0
1318.0 1
1319.0 0
1320.0 1
1321.0 0
1322.0 0
1323.0 0
1324.0 0
1325.0 0
1326.0 0
1327.0 0
1328.0 0
1329.0 1
1330.0 2
1331.0 0
1332.0 0
1333.0 2
1334.0 0
1335.0 0
1336.0 1
1337.0 0
1338.0 0
1339.0 0
1340.0 0
1341.0 0
1342.0 1
1343.0 0
1344.0 1
1345.0 0
1346.0 1
1347.0 0
1348.0 0
1349.0 0
1350.0 0
1351.0 1
1352.0 0
1353.0 0
1354.0 0
1355.0 0
1356.0 0
1357.0 0
1358.0 2
1359.0 0
1360.0 0
1361.0 0
1362.0 0
1363.0 0
1364.0 0
1365.0 0
1366.0 1
1367.0 0
1368.0 0
1369.0 0
1370.0 0
1371.0 0
1372.0 1
1373.0 0
1374.0 0
1375.0 0
1376.0 0
1377.0 0
1378.0 0
1379.0 0
1380.0 0
1381.0 0
1382.0 0
1383.0 0
1384.0 2
1385.0 1
1386.0 1
1387.0 1
1388.0 0
1389.0 0
1390.0 0
1391.0 0
1392.0 1
1393.0 0
1394.0 0
1395.0 0
1396.0 0
1397.0 0
1398.0 0
1399.0 0
1400.0 1
1401.0 0
1402.0 0
1403.0 0
1404.0 0
1405.0 1
1406.0 0
1407.0 0
1408.0 0
1409.0 1
1410.0 0
1411.0 0
1412.0 0
1413.0 0
1414.0 0
1415.0 0
1416.0 0
1417.0 0
1418.0 0
1419.0 0
1420.0 0
1421.0 0
1422.0 1
1423.0 0
1424.0 1
1425.0 0
1426.0 0
1427.0 0
1428.0 0
1429.0 0
1430.0 0
1431.0 1
1432.0 1
1433.0 1
1434.0 0
1435.0 0
1436.0 1
1437.0 0
1438.0 0
1439.0 0
1440.0 0
1441.0 0
1442.0 0
1443.0 0
1444.0 0
1445.0 0
1446.0 0
1447.0 0
1448.0 0
1449.0 1
1450.0 0
1451.0 0
1452.0 0
1453.0 0
1454.0 0
1455.0 0
1456.0 0
1457.0 0
1458.0 0
1459.0 0
1460.0 0
1461.0 0
1462.0 0
1463.0 1
1464.0 1
1465.0 0
1466.0 0
1467.0 0
1468.0 0
1469.0 0
1470.0 0
1471.0 0
1472.0 0
1473.0 0
1474.0 0
1475.0 1
1476.0 1
1477.0 1
1478.0 0
1479.0 0
1480.0 0
1481.0 0
1482.0 0
1483.0 0
1484.0 0
1485.0 1
1486.0 0
1487.0 0
1488.0 0
1489.0 0
1490.0 0
1491.0 0
1492.0 0
1493.0 1
1494.0 0
1495.0 1
1496.0 0
1497.0 0
1498.0 0
1499.0 0
1500.0 1
1501.0 0
1502.0 1
1503.0 0
1504.0 0
1505.0 0
1506.0 0
1507.0 0
1508.0 0
1509.0 0
1510.0 0
1511.0 0
1512.0 0
1513.0 0
1514.0 0
1515.0 0
1516.0 0
1517.0 0
1518.0 0
1519.0 1
1520.0 0
1521.0 0
1522.0 0
1523.0 0
1524.0 0
1525.0 0
1526.0 0
1527.0 0
1528.0 0
1529.0 0
1530.0 0
1531.0 0
1532.0 0
1533.0 0
1534.0 0
1535.0 0
1536.0 0
1537.0 0
1538.0 0
1539.0 0
1540.0 0
1541.0 0
1542.0 0
1543.0 0
1544.0 0
1545.0 0
1546.0 0
1547.0 0
1548.0 0
1549.0 0
1550.0 0
1551.0 0
1552.0 0
1553.0 0
1554.0 0
1555.0 0
1556.0 0
1557.0 0
1558.0 0
1559.0 0
1560.0 0
1561.0 0
1562.0 0
1563.0 0
1564.0 0
1565.0 0
1566.0 0
1567.0 0
1568.0 0
1569.0 0
1570.0 0
1571.0 0
1572.0 0
1573.0 0
1574.0 0
1575.0 0
1576.0 0
1577.0 0
1578.0 0
1579.0 0
1580.0 0
1581.0 0
1582.0 0
1583.0 0
1584.0 0
1585.0 0
1586.0 0
1587.0 0
1588.0 0
1589.0 0
1590.0 0
1591.0 0
1592.0 0
1593.0 0
1594.0 0
1595.0 0
1596.0 0
1597.0 1
1598.0 0
1599.0 0
1600.0 0
1601.0 0
1602.0 0
1603.0 0
1604.0 1
1605.0 0
1606.0 0
1607.0 0
1608.0 0
1609.0 0
1610.0 0
1611.0 0
1612.0 0
1613.0 0
1614.0 0
1615.0 0
1616.0 0
1617.0 0
1618.0 0
1619.0 0
1620.0 0
1621.0 0
1622.0 0
1623.0 0
1624.0 0
1625.0 0
1626.0 0
1627.0 0
1628.0 0
1629.0 0
1630.0 0
1631.0 0
1632.0 0
1633.0 1
1634.0 0
1635.0 0
1636.0 0
1637.0 0
1638.0 0
1639.0 0
1640.0 0
1641.0 0
1642.0 1
1643.0 0
1644.0 0
1645.0 0
1646.0 0
1647.0 0
1648.0 0
1649.0 0
1650.0 0
1651.0 0
1652.0 0
1653.0 0
1654.0 0
1655.0 0
1656.0 0
1657.0 0
1658.0 0
1659.0 0
1660.0 0
1661.0 0
1662.0 0
1663.0 0
1664.0 0
1665.0 1
1666.0 0
1667.0 0
1668.0 0
1669.0 0
1670.0 0
1671.0 0
1672.0 0
1673.0 0
1674.0 0
1675.0 0
1676.0 0
1677.0 0
1678.0 0
1679.0 0
1680.0 0
1681.0 0
1682.0 0
1683.0 0
1684.0 0
1685.0 0
1686.0 0
1687.0 0
1688.0 0
1689.0 0
1690.0 0
1691.0 0
1692.0 0
1693.0 0
1694.0 0
1695.0 0
1696.0 0
1697.0 0
1698.0 0
1699.0 0
1700.0 1
1701.0 0
1702.0 0
1703.0 0
1704.0 0
1705.0 0
1706.0 0
1707.0 0
1708.0 1
1709.0 0
1710.0 1
1711.0 0
1712.0 0
1713.0 0
1714.0 0
1715.0 0
1716.0 0
1717.0 0
1718.0 0
1719.0 0
1720.0 0
1721.0 0
1722.0 0
1723.0 0
1724.0 0
1725.0 0
1726.0 0
1727.0 0
1728.0 0
1729.0 0
1730.0 0
1731.0 0
1732.0 0
1733.0 0
1734.0 0
1735.0 0
1736.0 0
1737.0 0
1738.0 0
1739.0 0
1740.0 0
1741.0 0
1742.0 0
1743.0 0
1744.0 0
1745.0 0
1746.0 0
1747.0 0
1748.0 0
1749.0 0
1750.0 0
1751.0 1
1752.0 0
1753.0 0
1754.0 0
1755.0 0
1756.0 0
1757.0 0
1758.0 0
1759.0 0
1760.0 0
1761.0 0
1762.0 0
1763.0 0
1764.0 0
1765.0 0
1766.0 0
1767.0 1
1768.0 0
1769.0 0
1770.0 0
1771.0 0
1772.0 0
1773.0 0
1774.0 0
1775.0 0
1776.0 0
1777.0 0
1778.0 0
1779.0 0
1780.0 0
1781.0 0
1782.0 0
1783.0 0
1784.0 0
1785.0 0
1786.0 0
1787.0 0
1788.0 0
1789.0 0
1790.0 0
1791.0 0
1792.0 0
1793.0 0
1794.0 0
1795.0 0
1796.0 1
1797.0 0
1798.0 0
1799.0 0
1800.0 0
1801.0 0
1802.0 0
1803.0 0
1804.0 0
1805.0 0
1806.0 0
1807.0 0
1808.0 0
1809.0 1
1810.0 0
1811.0 0
1812.0 0
1813.0 0
1814.0 0
1815.0 0
1816.0 0
1817.0 0
1818.0 0
1819.0 0
1820.0 0
1821.0 0
1822.0 0
1823.0 0
1824.0 0
1825.0 0
1826.0 0
1827.0 0
1828.0 0
1829.0 0
1830.0 0
1831.0 0
1832.0 0
1833.0 0
1834.0 0
1835.0 0
1836.0 0
1837.0 0
1838.0 0
1839.0 0
1840.0 0
1841.0 0
1842.0 0
1843.0 0
1844.0 0
1845.0 1
1846.0 0
1847.0 0
1848.0 0
1849.0 0
1850.0 0
1851.0 0
1852.0 0
1853.0 0
1854.0 0
1855.0 0
1856.0 0
1857.0 0
1858.0 0
1859.0 0
1860.0 0
1861.0 0
1862.0 0
1863.0 0
1864.0 0
1865.0 0
1866.0 0
1867.0 0
1868.0 0
1869.0 0
1870.0 0
1871.0 0
1872.0 0
1873.0 0
1874.0 0
1875.0 0
1876.0 0
1877.0 0
1878.0 0
1879.0 0
1880.0 0
1881.0 0
1882.0 0
1883.0 0
1884.0 0
1885.0 0
1886.0 0
1887.0 0
1888.0 0
1889.0 0
1890.0 0
1891.0 0
1892.0 0
1893.0 0
1894.0 0
1895.0 0
1896.0 0
1897.0 0
1898.0 0
1899.0 0
1900.0 0
1901.0 0
1902.0 0
1903.0 0
1904.0 0
1905.0 0
1906.0 0
1907.0 0
1908.0 0
1909.0 0
1910.0 0
1911.0 0
1912.0 0
1913.0 0
1914.0 0
1915.0 0
1916.0 0
1917.0 0
1918.0 0
1919.0 0
1920.0 0
1921.0 0
1922.0 0
1923.0 0
1924.0 0
1925.0 0
1926.0 0
1927.0 0
1928.0 0
1929.0 0
1930.0 0
1931.0 0
1932.0 0
1933.0 0
1934.0 0
1935.0 0
1936.0 0
1937.0 0
1938.0 0
1939.0 0
1940.0 0
1941.0 0
1942.0 1
1943.0 0
1944.0 0
1945.0 0
1946.0 0
1947.0 0
1948.0 0
1949.0 0
1950.0 0
1951.0 0
1952.0 0
1953.0 0
1954.0 0
1955.0 0
1956.0 0
1957.0 0
1958.0 0
1959.0 0
1960.0 0
1961.0 0
1962.0 0
1963.0 0
1964.0 0
1965.0 0
1966.0 0
1967.0 0
1968.0 0
1969.0 0
1970.0 0
1971.0 0
1972.0 0
1973.0 0
1974.0 0
1975.0 0
1976.0 0
1977.0 0
1978.0 0
1979.0 0
1980.0 0
1981.0 0
1982.0 0
1983.0 0
1984.0 0
1985.0 0
1986.0 0
1987.0 0
1988.0 0
1989.0 0
1990.0 0
1991.0 0
1992.0 0
1993.0 0
1994.0 0
1995.0 0
1996.0 0
1997.0 0
1998.0 0
1999.0 0
2000.0 0
2001.0 0
2002.0 0
2003.0 0
2004.0 0
2005.0 0
2006.0 0
2007.0 0
2008.0 0
2009.0 0
2010.0 0
2011.0 0
2012.0 0
2013.0 0
2014.0 0
2015.0 0
2016.0 0
2017.0 0
2018.0 0
2019.0 0
2020.0 0
2021.0 0
2022.0 0
2023.0 0
2024.0 0
2025.0 0
2026.0 0
2027.0 0
2028.0 0
2029.0 0
2030.0 0
2031.0 0
2032.0 0
2033.0 0
2034.0 0
2035.0 0
2036.0 0
2037.0 0
2038.0 0
2039.0 0
2040.0 0
2041.0 0
2042.0 0
2043.0 0
2044.0 0
2045.0 0
2046.0 0
2047.0 0
2048.0 0
2049.0 0
2050.0 0
2051.0 0
2052.0 0
2053.0 0
2054.0 0
2055.0 0
2056.0 0
2057.0 0
2058.0 0
2059.0 0
2060.0 0
2061.0 0
2062.0 0
2063.0 0
2064.0 0
2065.0 0
2066.0 0
2067.0 0
2068.0 0
2069.0 0
2070.0 0
2071.0 0
2072.0 0
2073.0 0
2074.0 0
2075.0 0
2076.0 0
2077.0 0
2078.0 0
2079.0 0
2080.0 0
2081.0 0
2082.0 0
2083.0 0
2084.0 0
2085.0 0
2086.0 0
2087.0 0
2088.0 0
2089.0 0
2090.0 0
2091.0 0
2092.0 0
2093.0 0
2094.0 0
2095.0 0
2096.0 0
2097.0 0
2098.0 0
2099.0 0
2100.0 0
2101.0 0
2102.0 0
2103.0 0
2104.0 0
2105.0 0
2106.0 0
2107.0 0
2108.0 0
2109.0 0
2110.0 0
2111.0 0
2112.0 0
2113.0 0
2114.0 0
2115.0 0
2116.0 0
2117.0 0
2118.0 0
2119.0 0
2120.0 0
2121.0 0
2122.0 0
2123.0 0
2124.0 0
2125.0 0
2126.0 0
2127.0 0
2128.0 0
2129.0 0
2130.0 0
2131.0 0
2132.0 0
2133.0 0
2134.0 0
2135.0 0
2136.0 0
2137.0 0
2138.0 0
2139.0 0
2140.0 0
2141.0 0
2142.0 0
2143.0 0
2144.0 0
2145.0 0
2146.0 0
2147.0 0
2148.0 0
2149.0 0
2150.0 0
2151.0 0
2152.0 0
2153.0 0
2154.0 0
2155.0 0
2156.0 0
2157.0 0
2158.0 0
2159.0 0
2160.0 0
2161.0 0
2162.0 0
2163.0 0
2164.0 0
2165.0 0
2166.0 0
2167.0 0
2168.0 0
2169.0 0
2170.0 0
2171.0 0
2172.0 0
2173.0 0
2174.0 0
2175.0 0
2176.0 0
2177.0 0
2178.0 0
2179.0 0
2180.0 0
2181.0 0
2182.0 0
2183.0 0
2184.0 0
2185.0 0
2186.0 0
2187.0 0
2188.0 0
2189.0 0
2190.0 0
2191.0 0
2192.0 0
2193.0 0
2194.0 0
2195.0 0
2196.0 0
2197.0 0
2198.0 0
2199.0 0
2200.0 0
2201.0 0
2202.0 0
2203.0 0
2204.0 0
2205.0 0
2206.0 0
2207.0 0
2208.0 0
2209.0 1
2210.0 0
2211.0 0
2212.0 0
2213.0 0
2214.0 0
2215.0 0
2216.0 0
2217.0 0
2218.0 0
2219.0 0
2220.0 0
2221.0 0
2222.0 0
2223.0 0
2224.0 0
2225.0 0
2226.0 0
2227.0 0
2228.0 0
2229.0 0
2230.0 0
2231.0 0
2232.0 0
2233.0 0
2234.0 0
2235.0 0
2236.0 0
2237.0 0
2238.0 0
2239.0 0
2240.0 0
2241.0 0
2242.0 0
2243.0 0
2244.0 0
2245.0 0
2246.0 0
2247.0 0
2248.0 0
2249.0 0
2250.0 0
2251.0 0
2252.0 0
2253.0 0
2254.0 0
2255.0 0
2256.0 0
2257.0 0
2258.0 0
2259.0 0
2260.0 0
2261.0 0
2262.0 0
2263.0 0
2264.0 0
2265.0 0
2266.0 0
2267.0 0
2268.0 0
2269.0 0
2270.0 0
2271.0 0
2272.0 0
2273.0 0
2274.0 0
2275.0 0
2276.0 0
2277.0 0
2278.0 0
2279.0 0
2280.0 0
2281.0 0
2282.0 0
2283.0 0
2284.0 0
2285.0 0
2286.0 0
2287.0 0
2288.0 0
2289.0 0
2290.0 0
2291.0 0
2292.0 0
2293.0 0
2294.0 0
2295.0 0
2296.0 0
2297.0 0
2298.0 0
2299.0 0
2300.0 0
2301.0 0
2302.0 0
2303.0 0
2304.0 0
2305.0 0
2306.0 0
2307.0 0
2308.0 0
2309.0 0
2310.0 0
2311.0 0
2312.0 0
2313.0 0
2314.0 0
2315.0 0
2316.0 0
2317.0 0
2318.0 0
2319.0 0
2320.0 0
2321.0 0
2322.0 0
2323.0 0
2324.0 0
2325.0 0
2326.0 0
2327.0 0
2328.0 0
2329.0 0
2330.0 0
2331.0 0
2332.0 0
2333.0 0
2334.0 0
2335.0 0
2336.0 0
2337.0 0
2338.0 0
2339.0 0
2340.0 0
2341.0 0
2342.0 0
2343.0 0
2344.0 0
2345.0 0
2346.0 0
2347.0 0
2348.0 0
2349.0 0
2350.0 0
2351.0 0
2352.0 0
2353.0 0
2354.0 0
2355.0 0
2356.0 0
2357.0 0
2358.0 0
2359.0 0
2360.0 0
2361.0 0
2362.0 0
2363.0 0
2364.0 0
2365.0 0
2366.0 0
2367.0 0
2368.0 0
2369.0 0
2370.0 0
2371.0 0
2372.0 0
2373.0 0
2374.0 0
2375.0 0
2376.0 0
2377.0 0
2378.0 0
2379.0 0
2380.0 0
2381.0 0
2382.0 0
2383.0 0
2384.0 0
2385.0 0
2386.0 0
2387.0 0
2388.0 0
2389.0 0
2390.0 0
2391.0 0
2392.0 0
2393.0 0
2394.0 0
2395.0 0
2396.0 0
2397.0 0
2398.0 0
2399.0 0
2400.0 0
2401.0 0
2402.0 0
2403.0 0
2404.0 0
2405.0 0
2406.0 0
2407.0 0
2408.0 0
2409.0 0
2410.0 0
2411.0 0
2412.0 0
2413.0 0
2414.0 0
2415.0 0
2416.0 0
2417.0 0
2418.0 0
2419.0 0
2420.0 0
2421.0 0
2422.0 0
2423.0 0
2424.0 0
2425.0 0
2426.0 0
2427.0 0
2428.0 0
2429.0 0
2430.0 0
2431.0 0
2432.0 0
2433.0 0
2434.0 0
2435.0 0
2436.0 0
2437.0 0
2438.0 0
2439.0 0
2440.0 0
2441.0 0
2442.0 0
2443.0 0
2444.0 0
2445.0 0
2446.0 0
2447.0 0
2448.0 0
2449.0 0
2450.0 0
2451.0 0
2452.0 0
2453.0 0
2454.0 0
2455.0 0
2456.0 0
2457.0 0
2458.0 0
2459.0 0
2460.0 0
2461.0 0
2462.0 0
2463.0 0
2464.0 0
2465.0 0
2466.0 0
2467.0 0
2468.0 0
2469.0 0
2470.0 0
2471.0 0
2472.0 0
2473.0 0
2474.0 0
2475.0 0
2476.0 0
2477.0 0
2478.0 0
2479.0 0
2480.0 0
2481.0 0
2482.0 0
2483.0 0
2484.0 0
2485.0 0
2486.0 0
2487.0 0
2488.0 0
2489.0 0
2490.0 0
2491.0 0
2492.0 0
2493.0 0
2494.0 0
2495.0 0
2496.0 0
2497.0 0
2498.0 0
2499.0 0
2500.0 0
2501.0 0
2502.0 0
2503.0 0
2504.0 0
2505.0 0
2506.0 0
2507.0 0
2508.0 0
2509.0 0
2510.0 0
2511.0 0
2512.0 0
2513.0 0
2514.0 0
2515.0 0
2516.0 0
2517.0 0
2518.0 0
2519.0 0
2520.0 0
2521.0 0
2522.0 0
2523.0 0
2524.0 0
2525.0 0
2526.0 0
2527.0 0
2528.0 0
2529.0 0
2530.0 0
2531.0 0
2532.0 0
2533.0 0
2534.0 0
2535.0 0
2536.0 0
2537.0 0
2538.0 0
2539.0 0
2540.0 0
2541.0 0
2542.0 0
2543.0 0
2544.0 0
2545.0 0
2546.0 0
2547.0 0
2548.0 0
2549.0 0
2550.0 0
2551.0 0
2552.0 0
2553.0 0
2554.0 0
2555.0 0
2556.0 0
2557.0 0
2558.0 0
2559.0 0
2560.0 0
2561.0 0
2562.0 0
2563.0 0
2564.0 0
2565.0 0
2566.0 0
2567.0 0
2568.0 0
2569.0 0
2570.0 0
2571.0 0
2572.0 0
2573.0 0
2574.0 0
2575.0 0
2576.0 0
2577.0 0
2578.0 0
2579.0 0
2580.0 0
2581.0 0
2582.0 0
2583.0 0
2584.0 0
2585.0 0
2586.0 0
2587.0 0
2588.0 0
2589.0 0
2590.0 0
2591.0 0
2592.0 0
2593.0 0
2594.0 0
2595.0 0
2596.0 0
2597.0 0
2598.0 0
2599.0 0
2600.0 0
2601.0 0
2602.0 0
2603.0 0
2604.0 0
2605.0 0
2606.0 0
2607.0 0
2608.0 0
2609.0 0
2610.0 0
2611.0 0
2612.0 0
2613.0 0
2614.0 0
2615.0 0
2616.0 0
2617.0 0
2618.0 0
2619.0 0
2620.0 0
2621.0 0
2622.0 0
2623.0 0
2624.0 0
2625.0 0
2626.0 0
2627.0 0
2628.0 0
2629.0 0
2630.0 0
2631.0 0
2632.0 0
2633.0 0
2634.0 0
2635.0 0
2636.0 0
2637.0 0
2638.0 0
2639.0 0
2640.0 0
2641.0 0
2642.0 0
2643.0 0
2644.0 0
2645.0 0
2646.0 0
2647.0 0
2648.0 0
2649.0 0
2650.0 0
2651.0 0
2652.0 0
2653.0 0
2654.0 0
2655.0 0
2656.0 0
2657.0 0
2658.0 0
2659.0 0
2660.0 0
2661.0 0
2662.0 0
2663.0 0
2664.0 0
2665.0 0
2666.0 0
2667.0 0
2668.0 0
2669.0 0
2670.0 0
2671.0 0
2672.0 0
2673.0 0
2674.0 0
2675.0 0
2676.0 0
2677.0 0
2678.0 0
2679.0 0
2680.0 0
2681.0 0
2682.0 0
2683.0 0
2684.0 0
2685.0 0
2686.0 0
2687.0 0
2688.0 0
2689.0 0
2690.0 0
2691.0 0
2692.0 0
2693.0 0
2694.0 0
2695.0 0
2696.0 0
2697.0 0
2698.0 0
2699.0 0
2700.0 0
2701.0 0
2702.0 0
2703.0 0
2704.0 0
2705.0 0
2706.0 0
2707.0 0
2708.0 0
2709.0 0
2710.0 0
2711.0 0
2712.0 0
2713.0 0
2714.0 0
2715.0 0
2716.0 0
2717.0 0
2718.0 0
2719.0 0
2720.0 0
2721.0 0
2722.0 0
2723.0 0
2724.0 0
2725.0 0
2726.0 0
2727.0 0
2728.0 0
2729.0 0
2730.0 0
2731.0 0
2732.0 0
2733.0 0
2734.0 0
2735.0 0
2736.0 0
2737.0 0
2738.0 0
2739.0 0
2740.0 0
2741.0 0
2742.0 0
2743.0 0
2744.0 0
2745.0 0
2746.0 0
2747.0 0
2748.0 0
2749.0 0
2750.0 0
2751.0 0
2752.0 0
2753.0 0
2754.0 0
2755.0 0
2756.0 0
2757.0 0
2758.0 0
2759.0 0
2760.0 0
2761.0 0
2762.0 0
2763.0 0
2764.0 0
2765.0 0
2766.0 0
2767.0 0
2768.0 0
2769.0 0
2770.0 0
2771.0 0
2772.0 0
2773.0 0
2774.0 0
2775.0 0
2776.0 0
2777.0 0
2778.0 0
2779.0 0
2780.0 0
2781.0 0
2782.0 0
2783.0 0
2784.0 0
2785.0 0
2786.0 0
2787.0 0
2788.0 0
2789.0 0
2790.0 0
2791.0 0
2792.0 0
2793.0 0
2794.0 0
2795.0 0
2796.0 0
2797.0 0
2798.0 0
2799.0 0
2800.0 0
2801.0 0
2802.0 0
2803.0 0
2804.0 0
2805.0 0
2806.0 0
2807.0 0
2808.0 0
2809.0 0
2810.0 0
2811.0 0
2812.0 0
2813.0 0
2814.0 0
2815.0 0
2816.0 0
2817.0 0
2818.0 0
2819.0 0
2820.0 0
2821.0 0
2822.0 0
2823.0 0
2824.0 0
2825.0 0
2826.0 0
2827.0 0
2828.0 0
2829.0 0
2830.0 0
2831.0 0
2832.0 0
2833.0 0
2834.0 1
2835.0 0
