0.0 142
1.0 184
2.0 204
3.0 194
4.0 197
5.0 250
6.0 255
7.0 249
8.0 261
9.0 243
10.0 274
11.0 270
12.0 257
13.0 257
14.0 288
15.0 277
16.0 304
17.0 323
18.0 350
19.0 365
20.0 402
21.0 387
22.0 423
23.0 442
24.0 441
25.0 421
26.0 408
27.0 382
28.0 411
29.0 361
30.0 389
31.0 360
32.0 358
33.0 327
34.0 339
35.0 332
36.0 328
37.0 318
38.0 289
39.0 330
40.0 316
41.0 319
42.0 340
43.0 331
44.0 328
45.0 354
46.0 298
47.0 319
48.0 263
49.0 315
50.0 301
51.0 297
52.0 302
53.0 286
54.0 279
55.0 288
56.0 287
57.0 266
58.0 298
59.0 278
60.0 297
61.0 247
62.0 261
63.0 249
64.0 243
65.0 222
66.0 250
67.0 242
68.0 295
69.0 275
70.0 315
71.0 283
72.0 310
73.0 266
74.0 315
75.0 342
76.0 291
77.0 316
78.0 346
79.0 356
80.0 378
81.0 385
82.0 391
83.0 427
84.0 422
85.0 443
86.0 444
87.0 456
88.0 472
89.0 482
90.0 507
91.0 522
92.0 502
93.0 545
94.0 520
95.0 591
96.0 571
97.0 570
98.0 596
99.0 579
100.0 566
101.0 605
102.0 587
103.0 575
104.0 624
105.0 641
106.0 657
107.0 658
108.0 569
109.0 634
110.0 648
111.0 615
112.0 629
113.0 609
114.0 611
115.0 614
116.0 612
117.0 606
118.0 641
119.0 601
120.0 585
121.0 593
122.0 577
123.0 570
124.0 556
125.0 549
126.0 548
127.0 548
128.0 520
129.0 537
130.0 519
131.0 512
132.0 481
133.0 480
134.0 494
135.0 442
136.0 477
137.0 434
138.0 447
139.0 435
140.0 469
141.0 378
142.0 429
143.0 417
144.0 418
145.0 394
146.0 407
147.0 398
148.0 414
149.0 382
150.0 369
151.0 366
152.0 365
153.0 329
154.0 340
155.0 339
156.0 345
157.0 314
158.0 321
159.0 321
160.0 360
161.0 324
162.0 314
163.0 330
164.0 296
165.0 298
166.0 296
167.0 259
168.0 292
169.0 280
170.0 270
171.0 262
172.0 274
173.0 259
174.0 269
175.0 260
176.0 227
177.0 228
178.0 233
179.0 263
180.0 228
181.0 214
182.0 229
183.0 227
184.0 200
185.0 234
186.0 207
187.0 197
188.0 210
189.0 209
190.0 218
191.0 197
192.0 155
193.0 173
194.0 179
195.0 191
196.0 174
197.0 165
198.0 172
199.0 156
200.0 168
201.0 159
202.0 155
203.0 169
204.0 150
205.0 151
206.0 156
207.0 131
208.0 122
209.0 144
210.0 147
211.0 152
212.0 136
213.0 126
214.0 142
215.0 136
216.0 129
217.0 122
218.0 134
219.0 123
220.0 129
221.0 122
222.0 130
223.0 137
224.0 123
225.0 111
226.0 108
227.0 101
228.0 113
229.0 116
230.0 100
231.0 108
232.0 108
233.0 116
234.0 125
235.0 108
236.0 106
237.0 114
238.0 100
239.0 96
240.0 92
241.0 83
242.0 91
243.0 90
244.0 99
245.0 111
246.0 107
247.0 75
248.0 92
249.0 73
250.0 85
251.0 72
252.0 101
253.0 89
254.0 87
255.0 83
256.0 103
257.0 78
258.0 83
259.0 98
260.0 99
261.0 69
262.0 79
263.0 71
264.0 70
265.0 82
266.0 77
267.0 88
268.0 67
269.0 83
270.0 65
271.0 70
272.0 77
273.0 63
274.0 67
275.0 67
276.0 71
277.0 75
278.0 66
279.0 61
280.0 70
281.0 74
282.0 77
283.0 70
284.0 72
285.0 68
286.0 64
287.0 66
288.0 58
289.0 65
290.0 58
291.0 61
292.0 62
293.0 70
294.0 62
295.0 56
296.0 55
297.0 64
298.0 71
299.0 42
300.0 71
301.0 55
302.0 38
303.0 55
304.0 56
305.0 64
306.0 50
307.0 57
308.0 46
309.0 51
310.0 56
311.0 54
312.0 52
313.0 55
314.0 47
315.0 45
316.0 54
317.0 52
318.0 42
319.0 42
320.0 53
321.0 46
322.0 50
323.0 58
324.0 38
325.0 53
326.0 50
327.0 49
328.0 45
329.0 50
330.0 40
331.0 39
332.0 44
333.0 43
334.0 51
335.0 44
336.0 56
337.0 53
338.0 48
339.0 39
340.0 33
341.0 42
342.0 32
343.0 40
344.0 45
345.0 46
346.0 36
347.0 37
348.0 42
349.0 34
350.0 55
351.0 45
352.0 31
353.0 36
354.0 42
355.0 43
356.0 40
357.0 31
358.0 38
359.0 49
360.0 30
361.0 27
362.0 41
363.0 35
364.0 35
365.0 25
366.0 36
367.0 32
368.0 32
369.0 38
370.0 31
371.0 38
372.0 26
373.0 44
374.0 28
375.0 31
376.0 37
377.0 31
378.0 44
379.0 37
380.0 38
381.0 43
382.0 26
383.0 43
384.0 38
385.0 30
386.0 34
387.0 30
388.0 23
389.0 32
390.0 27
391.0 27
392.0 33
393.0 32
394.0 31
395.0 39
396.0 26
397.0 40
398.0 35
399.0 29
400.0 21
401.0 26
402.0 24
403.0 23
404.0 30
405.0 34
406.0 33
407.0 20
408.0 27
409.0 26
410.0 16
411.0 26
412.0 34
413.0 27
414.0 27
415.0 25
416.0 19
417.0 21
418.0 25
419.0 29
420.0 20
421.0 30
422.0 24
423.0 21
424.0 27
425.0 24
426.0 26
427.0 24
428.0 26
429.0 22
430.0 21
431.0 21
432.0 27
433.0 17
434.0 28
435.0 21
436.0 23
437.0 24
438.0 24
439.0 22
440.0 14
441.0 28
442.0 21
443.0 29
444.0 31
445.0 26
446.0 19
447.0 15
448.0 28
449.0 18
450.0 21
451.0 15
452.0 24
453.0 16
454.0 21
455.0 21
456.0 21
457.0 23
458.0 23
459.0 15
460.0 22
461.0 14
462.0 19
463.0 20
464.0 18
465.0 19
466.0 22
467.0 20
468.0 20
469.0 24
470.0 30
471.0 14
472.0 19
473.0 12
474.0 12
475.0 12
476.0 18
477.0 17
478.0 22
479.0 18
480.0 19
481.0 22
482.0 17
483.0 16
484.0 14
485.0 11
486.0 20
487.0 21
488.0 15
489.0 16
490.0 13
491.0 15
492.0 13
493.0 19
494.0 17
495.0 12
496.0 22
497.0 12
498.0 21
499.0 16
500.0 19
501.0 14
502.0 14
503.0 7
504.0 7
505.0 13
506.0 18
507.0 17
508.0 12
509.0 12
510.0 14
511.0 12
512.0 15
513.0 17
514.0 16
515.0 5
516.0 14
517.0 18
518.0 8
519.0 10
520.0 11
521.0 13
522.0 7
523.0 13
524.0 7
525.0 14
526.0 10
527.0 14
528.0 17
529.0 14
530.0 13
531.0 13
532.0 12
533.0 14
534.0 17
535.0 11
536.0 16
537.0 13
538.0 13
539.0 12
540.0 5
541.0 16
542.0 12
543.0 12
544.0 11
545.0 24
546.0 14
547.0 12
548.0 11
549.0 8
550.0 8
551.0 10
552.0 9
553.0 14
554.0 13
555.0 11
556.0 13
557.0 7
558.0 9
559.0 11
560.0 13
561.0 7
562.0 12
563.0 10
564.0 9
565.0 10
566.0 8
567.0 8
568.0 7
569.0 11
570.0 11
571.0 9
572.0 9
573.0 8
574.0 10
575.0 11
576.0 4
577.0 11
578.0 6
579.0 8
580.0 8
581.0 10
582.0 6
583.0 6
584.0 6
585.0 12
586.0 11
587.0 8
588.0 10
589.0 6
590.0 4
591.0 2
592.0 16
593.0 4
594.0 15
595.0 4
596.0 12
597.0 6
598.0 10
599.0 4
600.0 9
601.0 14
602.0 6
603.0 5
604.0 10
605.0 3
606.0 7
607.0 10
608.0 7
609.0 14
610.0 6
611.0 10
612.0 5
613.0 12
614.0 9
615.0 5
616.0 3
617.0 7
618.0 7
619.0 6
620.0 3
621.0 7
622.0 8
623.0 5
624.0 8
625.0 9
626.0 10
627.0 4
628.0 10
629.0 8
630.0 6
631.0 8
632.0 9
633.0 1
634.0 5
635.0 11
636.0 9
637.0 4
638.0 10
639.0 9
640.0 7
641.0 8
642.0 8
643.0 5
644.0 7
645.0 5
646.0 12
647.0 9
648.0 4
649.0 9
650.0 5
651.0 8
652.0 8
653.0 6
654.0 4
655.0 7
656.0 4
657.0 6
658.0 8
659.0 3
660.0 6
661.0 7
662.0 3
663.0 11
664.0 8
665.0 2
666.0 8
667.0 4
668.0 3
669.0 5
670.0 3
671.0 4
672.0 2
673.0 7
674.0 5
675.0 6
676.0 5
677.0 3
678.0 9
679.0 5
680.0 9
681.0 9
682.0 4
683.0 6
684.0 6
685.0 6
686.0 6
687.0 2
688.0 4
689.0 3
690.0 4
691.0 3
692.0 3
693.0 8
694.0 4
695.0 1
696.0 7
697.0 4
698.0 4
699.0 6
700.0 6
701.0 6
702.0 5
703.0 2
704.0 3
705.0 4
706.0 4
707.0 1
708.0 5
709.0 5
710.0 8
711.0 1
712.0 6
713.0 8
714.0 1
715.0 5
716.0 4
717.0 4
718.0 8
719.0 2
720.0 5
721.0 5
722.0 7
723.0 7
724.0 7
725.0 2
726.0 3
727.0 6
728.0 7
729.0 4
730.0 6
731.0 5
732.0 4
733.0 2
734.0 3
735.0 2
736.0 5
737.0 3
738.0 4
739.0 4
740.0 5
741.0 4
742.0 3
743.0 4
744.0 3
745.0 1
746.0 6
747.0 6
748.0 1
749.0 3
750.0 7
751.0 9
752.0 6
753.0 2
754.0 2
755.0 4
756.0 2
757.0 3
758.0 5
759.0 3
760.0 4
761.0 1
762.0 1
763.0 2
764.0 4
765.0 1
766.0 3
767.0 0
768.0 2
769.0 2
770.0 4
771.0 2
772.0 1
773.0 1
774.0 7
775.0 4
776.0 5
777.0 0
778.0 2
779.0 4
780.0 4
781.0 5
782.0 1
783.0 1
784.0 5
785.0 3
786.0 1
787.0 4
788.0 1
789.0 2
790.0 3
791.0 3
792.0 4
793.0 0
794.0 2
795.0 2
796.0 4
797.0 3
798.0 4
799.0 6
800.0 5
801.0 4
802.0 3
803.0 2
804.0 5
805.0 4
806.0 3
807.0 3
808.0 2
809.0 2
810.0 2
811.0 3
812.0 2
813.0 0
814.0 4
815.0 1
816.0 3
817.0 0
818.0 5
819.0 1
820.0 0
821.0 2
822.0 5
823.0 2
824.0 2
825.0 6
826.0 1
827.0 6
828.0 2
829.0 4
830.0 0
831.0 0
832.0 3
833.0 1
834.0 1
835.0 1
836.0 2
837.0 4
838.0 3
839.0 1
840.0 3
841.0 1
842.0 1
843.0 1
844.0 2
845.0 3
846.0 3
847.0 5
848.0 0
849.0 2
850.0 1
851.0 1
852.0 6
853.0 2
854.0 2
855.0 1
856.0 2
857.0 4
858.0 3
859.0 1
860.0 3
861.0 3
862.0 1
863.0 2
864.0 0
865.0 3
866.0 1
867.0 3
868.0 3
869.0 2
870.0 3
871.0 2
872.0 1
873.0 2
874.0 2
875.0 2
876.0 3
877.0 2
878.0 3
879.0 1
880.0 1
881.0 0
882.0 3
883.0 0
884.0 0
885.0 2
886.0 0
887.0 1
888.0 1
889.0 2
890.0 2
891.0 1
892.0 4
893.0 3
894.0 1
895.0 0
896.0 2
897.0 1
898.0 3
899.0 1
900.0 1
901.0 2
902.0 0
903.0 1
904.0 1
905.0 1
906.0 1
907.0 0
908.0 1
909.0 1
910.0 1
911.0 0
912.0 4
913.0 4
914.0 3
915.0 2
916.0 1
917.0 1
918.0 1
919.0 0
920.0 1
921.0 3
922.0 1
923.0 1
924.0 3
925.0 0
926.0 2
927.0 1
928.0 0
929.0 1
930.0 0
931.0 1
932.0 1
933.0 2
934.0 0
935.0 3
936.0 2
937.0 0
938.0 1
939.0 0
940.0 3
941.0 0
942.0 1
943.0 3
944.0 1
945.0 1
946.0 1
947.0 1
948.0 0
949.0 1
950.0 2
951.0 2
952.0 1
953.0 3
954.0 3
955.0 0
956.0 1
957.0 1
958.0 1
959.0 1
960.0 0
961.0 0
962.0 3
963.0 1
964.0 1
965.0 0
966.0 3
967.0 1
968.0 2
969.0 0
970.0 1
971.0 0
972.0 3
973.0 0
974.0 1
975.0 0
976.0 2
977.0 0
978.0 1
979.0 0
980.0 3
981.0 1
982.0 0
983.0 2
984.0 0
985.0 2
986.0 0
987.0 0
988.0 0
989.0 2
990.0 4
991.0 2
992.0 2
993.0 3
994.0 0
995.0 2
996.0 0
997.0 1
998.0 1
999.0 0
1000.0 0
1001.0 0
1002.0 1
1003.0 2
1004.0 1
1005.0 0
1006.0 2
1007.0 0
1008.0 0
1009.0 2
1010.0 2
1011.0 1
1012.0 1
1013.0 2
1014.0 0
1015.0 0
1016.0 1
1017.0 0
1018.0 1
1019.0 2
1020.0 1
1021.0 0
1022.0 1
1023.0 2
1024.0 2
1025.0 0
1026.0 2
1027.0 1
1028.0 0
1029.0 1
1030.0 0
1031.0 1
1032.0 0
1033.0 2
1034.0 1
1035.0 0
1036.0 0
1037.0 0
1038.0 1
1039.0 2
1040.0 1
1041.0 0
1042.0 0
1043.0 0
1044.0 0
1045.0 0
1046.0 1
1047.0 2
1048.0 1
1049.0 1
1050.0 1
1051.0 1
1052.0 0
1053.0 0
1054.0 2
1055.0 2
1056.0 0
1057.0 0
1058.0 4
1059.0 1
1060.0 1
1061.0 1
1062.0 2
1063.0 0
1064.0 0
1065.0 1
1066.0 0
1067.0 0
1068.0 0
1069.0 2
1070.0 0
1071.0 1
1072.0 1
1073.0 1
1074.0 0
1075.0 1
1076.0 0
1077.0 1
1078.0 0
1079.0 0
1080.0 1
1081.0 0
1082.0 0
1083.0 1
1084.0 1
1085.0 0
1086.0 1
1087.0 1
1088.0 1
1089.0 0
1090.0 2
1091.0 0
1092.0 0
1093.0 0
1094.0 1
1095.0 0
1096.0 2
1097.0 1
1098.0 1
1099.0 0
1100.0 1
1101.0 1
1102.0 0
1103.0 0
1104.0 0
1105.0 0
1106.0 0
1107.0 1
1108.0 2
1109.0 0
1110.0 2
1111.0 1
1112.0 2
1113.0 1
1114.0 1
1115.0 1
1116.0 0
1117.0 0
1118.0 1
1119.0 0
1120.0 0
1121.0 0
1122.0 0
1123.0 0
1124.0 0
1125.0 1
1126.0 0
1127.0 0
1128.0 0
1129.0 0
1130.0 0
1131.0 0
1132.0 0
1133.0 1
1134.0 1
1135.0 1
1136.0 1
1137.0 1
1138.0 0
1139.0 1
1140.0 0
1141.0 1
1142.0 3
1143.0 1
1144.0 0
1145.0 0
1146.0 1
1147.0 0
1148.0 0
1149.0 0
1150.0 0
1151.0 1
1152.0 1
1153.0 1
1154.0 1
1155.0 0
1156.0 2
1157.0 0
1158.0 1
1159.0 0
1160.0 1
1161.0 1
1162.0 0
1163.0 0
1164.0 0
1165.0 2
1166.0 0
1167.0 1
1168.0 0
1169.0 1
1170.0 0
1171.0 1
1172.0 0
1173.0 2
1174.0 0
1175.0 0
1176.0 0
1177.0 0
1178.0 0
1179.0 1
1180.0 1
1181.0 0
1182.0 1
1183.0 0
1184.0 1
1185.0 0
1186.0 1
1187.0 0
1188.0 1
1189.0 0
1190.0 0
1191.0 0
1192.0 0
1193.0 1
1194.0 1
1195.0 1
1196.0 0
1197.0 1
1198.0 0
1199.0 0
1200.0 1
1201.0 0
1202.0 1
1203.0 0
1204.0 1
1205.0 0
1206.0 0
1207.0 0
1208.0 0
1209.0 0
1210.0 2
1211.0 0
1212.0 1
1213.0 0
1214.0 1
1215.0 0
1216.0 1
1217.0 1
1218.0 0
1219.0 0
1220.0 0
1221.0 0
1222.0 0
1223.0 0
1224.0 1
1225.0 1
1226.0 0
1227.0 1
1228.0 2
1229.0 0
1230.0 0
1231.0 0
1232.0 0
1233.0 0
1234.0 1
1235.0 0
1236.0 0
1237.0 0
1238.0 2
1239.0 1
1240.0 0
1241.0 0
1242.0 0
1243.0 0
1244.0 0
1245.0 1
1246.0 1
1247.0 1
1248.0 0
1249.0 0
1250.0 0
1251.0 0
1252.0 0
1253.0 1
1254.0 0
1255.0 0
1256.0 0
1257.0 0
1258.0 0
1259.0 0
1260.0 0
1261.0 0
1262.0 0
1263.0 0
1264.0 0
1265.0 0
1266.0 0
1267.0 0
1268.0 0
1269.0 1
1270.0 0
1271.0 0
1272.0 0
1273.0 1
1274.0 0
1275.0 1
1276.0 0
1277.0 1
1278.0 0
1279.0 0
1280.0 0
1281.0 0
1282.0 0
1283.0 0
1284.0 0
1285.0 1
1286.0 0
1287.0 1
1288.0 1
1289.0 0
1290.0 0
1291.0 1
1292.0 0
1293.0 1
1294.0 0
1295.0 0
1296.0 0
1297.0 0
1298.0 0
1299.0 0
1300.0 0
1301.0 1
1302.0 0
1303.0 0
1304.0 0
1305.0 1
1306.0 1
1307.0 1
1308.0 0
1309.0 0
1310.0 0
1311.0 0
1312.0 0
1313.0 0
1314.0 0
1315.0 0
1316.0 0
1317.0 0
1318.0 1
1319.0 0
1320.0 2
1321.0 0
1322.0 1
1323.0 0
1324.0 0
1325.0 0
1326.0 0
1327.0 2
1328.0 0
1329.0 1
1330.0 0
1331.0 1
1332.0 0
1333.0 0
1334.0 0
1335.0 0
1336.0 0
1337.0 0
1338.0 1
1339.0 0
1340.0 0
1341.0 0
1342.0 0
1343.0 0
1344.0 0
1345.0 0
1346.0 0
1347.0 0
1348.0 0
1349.0 0
1350.0 0
1351.0 0
1352.0 0
1353.0 0
1354.0 0
1355.0 0
1356.0 0
1357.0 1
1358.0 0
1359.0 0
1360.0 0
1361.0 0
1362.0 0
1363.0 0
1364.0 0
1365.0 1
1366.0 0
1367.0 0
1368.0 0
1369.0 0
1370.0 0
1371.0 0
1372.0 0
1373.0 0
1374.0 1
1375.0 0
1376.0 2
1377.0 0
1378.0 0
1379.0 0
1380.0 0
1381.0 1
1382.0 1
1383.0 0
1384.0 1
1385.0 0
1386.0 0
1387.0 1
1388.0 0
1389.0 0
1390.0 0
1391.0 0
1392.0 2
1393.0 0
1394.0 0
1395.0 0
1396.0 0
1397.0 0
1398.0 0
1399.0 0
1400.0 0
1401.0 1
1402.0 0
1403.0 0
1404.0 0
1405.0 0
1406.0 0
1407.0 0
1408.0 0
1409.0 0
1410.0 0
1411.0 0
1412.0 0
1413.0 0
1414.0 1
1415.0 0
1416.0 0
1417.0 0
1418.0 0
1419.0 0
1420.0 0
1421.0 0
1422.0 0
1423.0 0
1424.0 0
1425.0 0
1426.0 0
1427.0 0
1428.0 0
1429.0 0
1430.0 0
1431.0 0
1432.0 0
1433.0 0
1434.0 1
1435.0 0
1436.0 0
1437.0 0
1438.0 0
1439.0 0
1440.0 1
1441.0 0
1442.0 0
1443.0 0
1444.0 1
1445.0 0
1446.0 0
1447.0 0
1448.0 0
1449.0 1
1450.0 0
1451.0 0
1452.0 0
1453.0 0
1454.0 0
1455.0 0
1456.0 0
1457.0 0
1458.0 0
1459.0 0
1460.0 0
1461.0 0
1462.0 0
1463.0 0
1464.0 0
1465.0 0
1466.0 0
1467.0 0
1468.0 0
1469.0 0
1470.0 0
1471.0 0
1472.0 0
1473.0 0
1474.0 0
1475.0 0
1476.0 0
1477.0 0
1478.0 0
1479.0 1
1480.0 0
1481.0 0
1482.0 0
1483.0 0
1484.0 0
1485.0 0
1486.0 0
1487.0 0
1488.0 0
1489.0 0
1490.0 0
1491.0 0
1492.0 0
1493.0 0
1494.0 0
1495.0 0
1496.0 0
1497.0 0
1498.0 0
1499.0 0
1500.0 0
1501.0 0
1502.0 0
1503.0 1
1504.0 0
1505.0 1
1506.0 0
1507.0 0
1508.0 1
1509.0 1
1510.0 0
1511.0 0
1512.0 0
1513.0 0
1514.0 0
1515.0 0
1516.0 0
1517.0 0
1518.0 0
1519.0 0
1520.0 0
1521.0 0
1522.0 0
1523.0 0
1524.0 0
1525.0 0
1526.0 0
1527.0 0
1528.0 0
1529.0 0
1530.0 0
1531.0 0
1532.0 0
1533.0 0
1534.0 0
1535.0 0
1536.0 0
1537.0 1
1538.0 1
1539.0 0
1540.0 0
1541.0 0
1542.0 0
1543.0 0
1544.0 0
1545.0 0
1546.0 0
1547.0 0
1548.0 1
1549.0 0
1550.0 0
1551.0 0
1552.0 0
1553.0 0
1554.0 0
1555.0 0
1556.0 0
1557.0 0
1558.0 0
1559.0 0
1560.0 0
1561.0 0
1562.0 0
1563.0 0
1564.0 0
1565.0 0
1566.0 0
1567.0 0
1568.0 0
1569.0 0
1570.0 0
1571.0 0
1572.0 0
1573.0 0
1574.0 0
1575.0 0
1576.0 0
1577.0 0
1578.0 0
1579.0 0
1580.0 0
1581.0 0
1582.0 0
1583.0 0
1584.0 0
1585.0 0
1586.0 0
1587.0 0
1588.0 0
1589.0 0
1590.0 0
1591.0 0
1592.0 0
1593.0 0
1594.0 0
1595.0 0
1596.0 0
1597.0 0
1598.0 0
1599.0 0
1600.0 0
1601.0 0
1602.0 0
1603.0 0
1604.0 0
1605.0 0
1606.0 0
1607.0 0
1608.0 0
1609.0 0
1610.0 0
1611.0 1
1612.0 0
1613.0 1
1614.0 0
1615.0 0
1616.0 0
1617.0 0
1618.0 0
1619.0 0
1620.0 0
1621.0 1
1622.0 0
1623.0 0
1624.0 0
1625.0 0
1626.0 0
1627.0 0
1628.0 0
1629.0 0
1630.0 0
1631.0 0
1632.0 0
1633.0 0
1634.0 0
1635.0 0
1636.0 1
1637.0 0
1638.0 0
1639.0 0
1640.0 0
1641.0 0
1642.0 0
1643.0 0
1644.0 0
1645.0 0
1646.0 0
1647.0 0
1648.0 0
1649.0 0
1650.0 0
1651.0 1
1652.0 0
1653.0 0
1654.0 0
1655.0 0
1656.0 0
1657.0 0
1658.0 1
1659.0 0
1660.0 0
1661.0 0
1662.0 0
1663.0 0
1664.0 0
1665.0 0
1666.0 0
1667.0 0
1668.0 0
1669.0 0
1670.0 0
1671.0 0
1672.0 0
1673.0 0
1674.0 0
1675.0 0
1676.0 0
1677.0 0
1678.0 0
1679.0 0
1680.0 0
1681.0 0
1682.0 0
1683.0 0
1684.0 0
1685.0 0
1686.0 0
1687.0 0
1688.0 0
1689.0 0
1690.0 0
1691.0 0
1692.0 0
1693.0 0
1694.0 0
1695.0 0
1696.0 0
1697.0 0
1698.0 0
1699.0 0
1700.0 0
1701.0 0
1702.0 0
1703.0 0
1704.0 0
1705.0 0
1706.0 0
1707.0 0
1708.0 0
1709.0 0
1710.0 0
1711.0 0
1712.0 0
1713.0 0
1714.0 0
1715.0 0
1716.0 0
1717.0 1
1718.0 0
1719.0 0
1720.0 0
1721.0 0
1722.0 0
1723.0 0
1724.0 0
1725.0 0
1726.0 0
1727.0 0
1728.0 0
1729.0 0
1730.0 0
1731.0 0
1732.0 0
1733.0 0
1734.0 0
1735.0 0
1736.0 0
1737.0 0
1738.0 0
1739.0 0
1740.0 0
1741.0 0
1742.0 0
1743.0 0
1744.0 0
1745.0 0
1746.0 0
1747.0 0
1748.0 0
1749.0 0
1750.0 0
1751.0 0
1752.0 0
1753.0 0
1754.0 0
1755.0 0
1756.0 0
1757.0 0
1758.0 1
1759.0 0
1760.0 0
1761.0 0
1762.0 0
1763.0 0
1764.0 0
1765.0 0
1766.0 0
1767.0 0
1768.0 0
1769.0 0
1770.0 0
1771.0 0
1772.0 0
1773.0 0
1774.0 0
1775.0 0
1776.0 0
1777.0 0
1778.0 0
1779.0 0
1780.0 0
1781.0 0
1782.0 0
1783.0 0
1784.0 0
1785.0 0
1786.0 0
1787.0 0
1788.0 0
1789.0 0
1790.0 0
1791.0 0
1792.0 0
1793.0 0
1794.0 0
1795.0 0
1796.0 0
1797.0 0
1798.0 0
1799.0 0
1800.0 0
1801.0 0
1802.0 0
1803.0 0
1804.0 0
1805.0 0
1806.0 0
1807.0 0
1808.0 0
1809.0 0
1810.0 1
1811.0 0
1812.0 0
1813.0 0
1814.0 0
1815.0 0
1816.0 0
1817.0 0
1818.0 0
1819.0 0
1820.0 0
1821.0 0
1822.0 0
1823.0 0
1824.0 0
1825.0 0
1826.0 0
1827.0 0
1828.0 0
1829.0 0
1830.0 0
1831.0 0
1832.0 0
1833.0 0
1834.0 0
1835.0 0
1836.0 0
1837.0 0
1838.0 0
1839.0 0
1840.0 0
1841.0 0
1842.0 0
1843.0 0
1844.0 0
1845.0 0
1846.0 0
1847.0 0
1848.0 0
1849.0 0
1850.0 0
1851.0 0
1852.0 0
1853.0 1
1854.0 0
1855.0 0
1856.0 0
1857.0 0
1858.0 0
1859.0 0
1860.0 0
1861.0 0
1862.0 0
1863.0 0
1864.0 0
1865.0 0
1866.0 0
1867.0 0
1868.0 0
1869.0 0
1870.0 0
1871.0 0
1872.0 0
1873.0 0
1874.0 0
1875.0 0
1876.0 0
1877.0 0
1878.0 0
1879.0 0
1880.0 0
1881.0 0
1882.0 0
1883.0 0
1884.0 0
1885.0 0
1886.0 0
1887.0 0
1888.0 0
1889.0 0
1890.0 0
1891.0 0
1892.0 0
1893.0 0
1894.0 0
1895.0 0
1896.0 0
1897.0 0
1898.0 0
1899.0 0
1900.0 0
1901.0 0
1902.0 0
1903.0 0
1904.0 0
1905.0 0
1906.0 0
1907.0 0
1908.0 0
1909.0 0
1910.0 0
1911.0 0
1912.0 0
1913.0 0
1914.0 0
1915.0 0
1916.0 0
1917.0 0
1918.0 0
1919.0 0
1920.0 0
1921.0 0
1922.0 0
1923.0 0
1924.0 0
1925.0 0
1926.0 0
1927.0 0
1928.0 0
1929.0 0
1930.0 0
1931.0 0
1932.0 0
1933.0 0
1934.0 0
1935.0 0
1936.0 0
1937.0 0
1938.0 0
1939.0 0
1940.0 0
1941.0 0
1942.0 1
1943.0 0
1944.0 0
1945.0 0
1946.0 0
1947.0 0
1948.0 0
1949.0 0
1950.0 0
1951.0 0
1952.0 0
1953.0 0
1954.0 0
1955.0 0
1956.0 0
1957.0 0
1958.0 1
1959.0 0
1960.0 0
1961.0 0
1962.0 0
1963.0 0
1964.0 1
1965.0 0
1966.0 0
1967.0 0
1968.0 0
1969.0 0
1970.0 0
1971.0 0
1972.0 0
1973.0 0
1974.0 0
1975.0 0
1976.0 0
1977.0 0
1978.0 0
1979.0 0
1980.0 0
1981.0 0
1982.0 0
1983.0 0
1984.0 0
1985.0 0
1986.0 0
1987.0 0
1988.0 0
1989.0 0
1990.0 0
1991.0 0
1992.0 0
1993.0 0
1994.0 0
1995.0 0
1996.0 0
1997.0 0
1998.0 0
1999.0 0
2000.0 0
2001.0 0
2002.0 0
2003.0 0
2004.0 0
2005.0 0
2006.0 0
2007.0 0
2008.0 0
2009.0 0
2010.0 0
2011.0 0
2012.0 0
2013.0 0
2014.0 0
2015.0 0
2016.0 0
2017.0 0
2018.0 0
2019.0 0
2020.0 0
2021.0 0
2022.0 0
2023.0 0
2024.0 0
2025.0 0
2026.0 0
2027.0 0
2028.0 0
2029.0 0
2030.0 0
2031.0 0
2032.0 0
2033.0 0
2034.0 0
2035.0 0
2036.0 0
2037.0 0
2038.0 0
2039.0 0
2040.0 0
2041.0 0
2042.0 0
2043.0 0
2044.0 0
2045.0 0
2046.0 0
2047.0 0
2048.0 0
2049.0 0
2050.0 0
2051.0 0
2052.0 0
2053.0 0
2054.0 0
2055.0 0
2056.0 0
2057.0 0
2058.0 0
2059.0 0
2060.0 0
2061.0 0
2062.0 0
2063.0 0
2064.0 0
2065.0 0
2066.0 0
2067.0 0
2068.0 0
2069.0 0
2070.0 0
2071.0 0
2072.0 0
2073.0 0
2074.0 0
2075.0 0
2076.0 0
2077.0 0
2078.0 0
2079.0 0
2080.0 0
2081.0 0
2082.0 0
2083.0 0
2084.0 0
2085.0 0
2086.0 0
2087.0 0
2088.0 0
2089.0 0
2090.0 0
2091.0 0
2092.0 0
2093.0 0
2094.0 0
2095.0 0
2096.0 0
2097.0 0
2098.0 0
2099.0 0
2100.0 0
2101.0 0
2102.0 0
2103.0 0
2104.0 0
2105.0 0
2106.0 0
2107.0 0
2108.0 0
2109.0 0
2110.0 0
2111.0 0
2112.0 0
2113.0 0
2114.0 0
2115.0 0
2116.0 0
2117.0 0
2118.0 1
2119.0 0
